-1.1086624750671066	1.5551325908560374
-1.1064164461537747	1.5529005894529304
-1.1041704172404425	1.5506686193939925
-1.0996783594137787	1.5462047735871611
-1.090694243760451	1.5372774611759845
-1.0727260124537952	1.5194243689593447
-1.0367895498404835	1.4837244434113936
-0.9649166246138606	1.4123506899983074
-0.8090796507539412	1.257726479155592
-0.6635697291698291	1.1135312663456505
-0.5209141346340309	0.972362212968721
-0.3661674166915591	0.8194837072804774
-0.2217477510248948	0.6770847046863488
-0.06523696195155693	0.5231139143935494
0.08841950007346716	0.3723614337263178
0.23174890982268379	0.2321646001804713
0.387169442978574	0.08067484851839835
0.5322629238586567	-0.06017202297548119
0.6745020776904256	-0.19762673724008553
0.8288323549288681	-0.3459675583090324
0.972835579891503	-0.48352412767147507
1.1289299282608116	-0.6315567220591062
1.2821699495818062	-0.7756381242034712
1.4250829186269933	-0.9087412122341136
1.580087011078854	-1.0515298792741476
1.7247640512549074	-1.183130419084298
1.8815322148376343	-1.3236615493867685
2.0354460513720474	-1.4592744601359415
2.179032835630653	-1.5834228688780867
2.334710743295932	-1.7151457783639448
2.480061598685404	-1.8351343871645933
2.622558127026562	-1.9496743206408451
2.7771457787743934	-2.070146987220453
2.9214063782464175	-2.1787135605522927
3.077758101125115	-2.291839255259587
3.231255496955499	-2.397985002709853
3.3744258405100753	-2.492338793225811
3.5296873074713253	-2.5893394145598916
3.674621722156768	-2.6747040669419295
3.8167018097938965	-2.7533987472634585
3.9708730208376988	-2.8331147667875327
4.114717179605694	-2.9021375824510436
4.270652461780362	-2.971160015590903
4.416260691679223	-3.030253438606305
4.55901459452977	-3.083301907520763
4.71385962078699	-3.13557722381439
4.858377594768403	-3.17965260595094
5.01498669215649	-3.2225727138849103
5.168741462496262	-3.2601344758067716
5.312169180560228	-3.291389058617098
5.467688022030867	-3.321487043378244
5.612879811225699	-3.3463342877068487
5.7552172733722164	-3.3679262062752864
5.9096458589254075	-3.3885558495836987
6.053747392202792	-3.4054486754991125
6.056260838402244	-3.405724621429483
6.058774284601695	-3.405999950536084
6.063801177000597	-3.406548763114385
6.0738549617984035	-3.4076390394957405
6.093962531394015	-3.4097904659111404
6.134177670585239	-3.413978941509306
6.136691116784691	-3.41423574094051
6.139204562984142	-3.414491961445322
6.144231455383045	-3.4150026703032292
6.154285240180851	-3.4160171917121005
6.174392809776463	-3.4180189063155533
6.176906255975915	-3.418266580874045
6.179419702175366	-3.418513694824548
6.184446594574268	-3.419006245423321
6.194500379372075	-3.4199846689712907
6.197013825571526	-3.420227890236816
6.199527271770978	-3.420470559894731
6.204554164169881	-3.4209542488564106
6.207067610369332	-3.4211952703903674
6.2095810565687835	-3.4214357447770967
6.212094502768235	-3.4216756731275444
6.214607948967687	-3.4219150565509953
