-3.9111040763451794	3.876944922620591
-3.9108237399884462	3.8903932699063826
-3.9080203764211503	3.9401164970927245
-3.905362085833777	3.965688940707678
-3.902412114021054	3.9875902784637036
-3.8996102857192625	4.004596416208919
-3.8968069221519666	4.019350578311072
-3.8940035585846706	4.03248415671115
-3.891201127100814	4.044379225032039
-3.8883968314500787	4.055301530255047
-3.8851445703988388	4.066928628086203
-3.8827395126232593	4.0750141361331575
-3.881830909009288	4.077807306763754
-3.877183377180895	4.092094449372703
-3.874380013613599	4.100026190096808
-3.871576650046303	4.107570498893859
-3.865969922911711	4.121654045475614
-3.8631617347037066	4.128256707585223
-3.8598879839222144	4.1356523038110975
-3.8557413001948713	4.144552432606208
-3.8498673586311107	4.1563942625443895
-3.847724105943221	4.160514435901987
-3.841642166953724	4.171686050012495
-3.8386011974589755	4.177007222059088
-3.8364424062241262	4.18067019258037
-3.829859281897823	4.1914226925011535
-3.8173143379122463	4.210231241569161
-3.814273441500989	4.214492705296643
-3.8112324720062407	4.218651084504216
-3.8051505330167443	4.226677282896296
-3.7929866827036136	4.241682299790168
-3.787623248558852	4.247533101967385
-3.7686588990797647	4.268220702365524
-3.7656179295850163	4.271261836227471
-3.762576960090268	4.274248437544807
-3.7564950211007715	4.28006498528818
-3.7443311431217783	4.291115428796483
-3.7200033871637914	4.311181098202003
-3.716962417669043	4.313520218446636
-3.7139064708056795	4.315836057026768
-3.707839509184798	4.320334636320755
-3.6956756312058046	4.3289768059302
-3.671347875247818	4.344905564505079
-3.6685140421033617	4.346654247304394
-3.665671815637981	4.348387289853961
-3.6599957560281435	4.351787309884933
-3.648643636808469	4.358354199245632
-3.6259393983691193	4.370630324350682
-3.6231013685642006	4.372090328007372
-3.6202633387592815	4.373534691375623
-3.614587279149444	4.376377516892301
-3.6032351599297696	4.381886359010776
-3.5805309214904204	4.392246562615241
-3.5776928916855018	4.393483918555876
-3.575708033573726	4.394340774378106
-3.5691788193848724	4.397123547633926
-3.557826683051071	4.40181375325994
-3.5350842370646496	4.410687463670636
-3.533315862254975	4.41130595661572
-3.489713967733023	4.426555814285362
-3.486639053066663	4.427551693718003
-3.4835626962682813	4.428538679132263
-3.477411424803539	4.4304845815795355
-3.4651088818740545	4.434269232911469
-3.4405034424636236	4.441434343633393
-3.437166005642447	4.442366574920273
-3.434352524550344	4.443145992065846
-3.428034317714917	4.444871884130752
-3.4158987101561182	4.448102302059823
-3.3912936242971496	4.45431830106227
-3.3882180036511103	4.455065528869527
-3.385142352832408	4.45580639409638
-3.3789910813676656	4.457269288361873
-3.366688538438181	4.460121668789076
-3.342083452579213	4.465547228894601
-3.292873280861276	4.475385262677128
-3.2898537362796407	4.47594856858783
-3.2868341916980057	4.476507483775739
-3.2807951050941178	4.477612310504855
-3.2786373255893566	4.477997981514511
-3.268716924208193	4.47977110573851
-3.2445605675551095	4.4838940571479515
-3.196247854248943	4.491425671274551
-3.1932283096673078	4.491867102832009
-3.1902087650856723	4.492305270517068
-3.1841696759224014	4.493171929060007
-3.17209149759586	4.494867324437729
-3.147935140942777	4.498112456504075
-3.0996224276366102	4.5040645501614085
-3.0968058227448045	4.5043909246482
-3.0939892178529984	4.504715137331174
-3.088356008069387	4.5053571433595625
-3.0769358986000723	4.5066324392720265
-3.054556749367718	4.5090361196769475
-3.009491071098826	4.513513109974611
-3.0066744662070204	4.5137778026499795
-3.0038578613152147	4.514040793903363
-2.9982246515316033	4.5145617214249345
-2.98695823196438	4.515583695502017
-2.9644253928299342	4.517550744832247
-2.9193597145610375	4.52119694983333
-2.9163055037417838	4.521430973562867
-2.913251292922526	4.521663405477972
-2.9071428712840097	4.522123541681395
-2.8949253874256264	4.523025277814792
-2.8704923414529118	4.524756832722078
-2.821624968344782	4.527951997277241
-2.818570757525524	4.528140537774275
-2.8155165467062657	4.52832782244354
-2.8094081250677494	4.528698660588295
-2.797190556023984	4.529425703439552
-2.772757595236652	4.53082290263163
-2.7232981622648302	4.533434492580471
-2.7210383067900366	4.5335473642138755
-2.718187679869665	4.533688872181836
-2.712485137610808	4.533969361813834
-2.701080053093094	4.534520137157299
-2.6782698840576664	4.535582095134791
-2.6326495459868107	4.5375569073472555
-2.6297982748573823	4.537674079745872
-2.6269470037279534	4.537790544545763
-2.6212444614690966	4.5380213694161196
-2.609839376951383	4.538474724929198
-2.587029207915955	4.539349230598873
-2.5414088698450996	4.540976797806058
-2.5406558832345993	4.541002316489611
-2.535818509887714	4.541165699830961
-2.5302281499303283	4.541352395350799
-2.5242698565304917	4.541547906947439
-2.5190454072223507	4.54171933865737
-2.5093453747539636	4.542026650776637
-2.4966859901860143	4.54242771977438
-2.451963110526929	4.5437489458393605
-2.44916842692312	4.54382748393985
-2.4463727505695436	4.543905593544245
-2.4407785780141875	4.54406053045858
-2.4296016706973864	4.544364736469842
-2.4073261578288982	4.544950265884214
-2.402067244894023	4.5450793867395465
-2.3625173512087585	4.546049307486749
-2.359484565302654	4.546120066845196
-2.356451779396468	4.546190383346935
-2.3503862075841777	4.546329699223187
-2.338255063959597	4.546603141471033
-2.3139927767104354	4.547129883935851
-2.265468202212112	4.548107483607121
-2.262435416305967	4.54816540024901
-2.259402630399822	4.5482229566542145
-2.2533370585875314	4.548336997951343
-2.2412059149629506	4.548560858008147
-2.218441299807749	4.548965558441639
-2.1683207494773304	4.549794565277914
-2.16558920699915	4.5498373185711865
-2.162759360782834	4.549881354672726
-2.1570996683502033	4.549968665473778
-2.1457802834849407	4.550140283201886
-2.1231415137544163	4.5504718294209665
-2.0778639742933676	4.551090658026513
-2.075034128077052	4.551127469474365
-2.0721994825703067	4.551164130678222
-2.0665445894281054	4.551236638092223
-2.0620615142016208	4.551293135301303
-2.0540707578916404	4.551393343813781
-2.0441969374680884	4.551513554757782
-2.032586434832319	4.551654909311776
-1.98730889537127	4.552169477960009
-1.9842414432275022	4.552202655080452
-1.9811739910837343	4.552235626022895
-1.9750390867961984	4.552300954572011
-1.9654467929719894	4.5524011853379145
-1.9636324918816734	4.552420143137915
-1.9511842656981304	4.5525458440420215
-1.9382296610709833	4.55267628429959
-1.8891504267706964	4.553135044574312
-1.8860829746269285	4.553162229624681
-1.8821881920682497	4.553196465358457
-1.8768806181956248	4.553242778286947
-1.8646108096205531	4.553347867065642
-1.8443626413818077	4.5535156794456215
-1.8384886998180472	4.553563088000685
-1.7879805971770906	4.553948303790292
-1.7849692361840583	4.553970051607672
-1.7789465141979939	4.5540131521079275
-1.766901070225865	4.554097795060161
-1.7428101822816067	4.55426102451944
-1.69462840639309	4.5545645995384305
-1.6916170454000579	4.554582610576176
-1.6886056844070256	4.55460051251203
-1.682582962420961	4.554635991740917
-1.6705375184488318	4.554705670036734
-1.6464466305045735	4.554840049865682
-1.598264854616057	4.555090001424364
-1.5954564333128542	4.5551038356249975
-1.5926480120096516	4.555117591779501
-1.5870311694032464	4.555144871721683
-1.5757974841904359	4.555198514397385
-1.5533301137648148	4.55530222688836
-1.5083953729135728	4.555496095904602
-1.5055869516103701	4.555507640465313
-1.5027785303071677	4.5555191199766085
-1.4971616877007623	4.555541885323962
-1.485928002487952	4.55558665151103
-1.463460632062331	4.555673205666958
-1.4185258912110887	4.555835012845735
-1.4154798639804338	4.555845461423239
-1.4124338367497788	4.55585584622649
-1.4063417822884687	4.555876426072842
-1.3941576733658487	4.5559168375282555
-1.3697894555206087	4.555994751933157
-1.3210530198301287	4.556139591744018
-1.3180069925994737	4.55614818211479
-1.3149609653688188	4.5561567201014945
-1.3088689109075087	4.556173640203909
-1.2966848019848887	4.556206865782982
-1.2723165841396487	4.556270927683231
-1.2235801484491686	4.556390023466409
-1.2207370609083432	4.556396617988474
-1.2178939733675178	4.556403174997303
-1.2122077982858672	4.556416177330617
-1.2008354481225658	4.5564417411788884
-1.178090747795963	4.5564911519452105
-1.1326013471427574	4.556583460928987
-1.129758259601932	4.556588955389597
-1.1269151720611066	4.556594418613293
-1.121228996979456	4.5566052520613765
-1.1098566468161546	4.556626551883479
-1.0871119464895518	4.556667721779411
-1.0416225458363462	4.556744638034997
-1.0385418523680685	4.55674959784716
-1.0354611588997908	4.556754527128006
-1.0292997719632353	4.556764294848226
-1.0169769980901244	4.556783472125136
-0.9923314503439027	4.556820434687741
-0.9430403548514591	4.556889102435977
-0.9399596613831813	4.55689317315767
-0.9368789679149037	4.556897218832425
-0.9307175809783481	4.556905235657904
-0.9183948071052372	4.556920975476977
-0.8937492593590155	4.556951313119333
-0.844458163866572	4.557007675031193
-0.8414335615490299	4.557010955663719
-0.8384089592314878	4.5570142164846095
-0.8323597545964037	4.557020679170162
-0.8202613453262354	4.557033372026605
-0.7960645267858988	4.5570578535672635
-0.7476708897052255	4.557103397874669
-0.7446462873876835	4.557106100527401
-0.7416216850701414	4.557108786864017
-0.7355724804350572	4.557114110982895
-0.7234740711648889	4.557124567727884
-0.6992772526245523	4.557144736554361
-0.650883615543879	4.5571822584683614
-0.6480619529161666	4.557184336117939
-0.6452402902884542	4.557186402066914
-0.6395969650330293	4.557190499126587
-0.6283103145221796	4.557198555716817
-0.6057370135004801	4.557214133066857
-0.5605904114570813	4.557243254008744
-0.557768748829369	4.557244988187924
-0.5549470862016566	4.557246712602899
-0.5493037609462317	4.55725013236007
-0.5380171104353819	4.557256857104864
-0.5154438094136825	4.557269859433809
-0.47029720737028363	4.557294166850667
-0.4672379388151189	4.5572957359152495
-0.4641786702599541	4.55729729540543
-0.45806013314962446	4.557300385896149
-0.44582305892896523	4.557306454534017
-0.4213489104876468	4.557318155062631
-0.37240061360501	4.557339905636732
-0.36934134504984517	4.557341195628009
-0.36628207649468036	4.557342477749192
-0.36016353938435075	4.557345018573201
-0.3479264651636916	4.557350007874939
-0.3234523167223732	4.557359627469907
-0.2745040198397364	4.5573775099328495
-0.2716476909744012	4.557378500367377
-0.26879136210906607	4.55737948515996
-0.26307870437839576	4.557381437947767
-0.2516533889170552	4.557385277223013
-0.228802757994374	4.557392697534087
-0.1831014961490116	4.55740655856994
-0.18024516728367646	4.557407383541475
-0.1773888384183413	4.557408203814247
-0.17167618068767102	4.55740983037048
-0.16025086522633042	4.557413028266001
-0.13740023430364923	4.5574192089863725
-0.09169897245828687	4.55743075458599
-0.08889873474368737	4.557431428296787
-0.08609849702908787	4.557432098245965
-0.08049802159988885	4.5574334269434145
-0.06929707074149083	4.557436040115784
-0.04689516902469479	4.557441094122759
-0.0020913655911027063	4.557450547714134
0.0007088721234967989	4.5574511109173965
0.003509109838096304	4.557451670976415
0.009109585267295314	4.557452781731884
0.020310536125693335	4.5574549662782005
0.042712437842489376	4.557459191317024
0.08751624127608146	4.557467094371549
0.09055408491813333	4.5574676050330805
0.09359192856018521	4.557468112602872
0.09966761584428896	4.557469118542039
0.11181899041249647	4.557471094136034
0.1361217395489115	4.557474904232303
0.18472723782174155	4.557481990990052
0.18776508146379342	4.557482411466748
0.1908029251058453	4.557482829398018
0.19687861238994905	4.557483657685862
0.20902998695815656	4.557485284388619
0.23333273609457159	4.55748842163279
0.2819382343674016	4.5574942569393
0.2847731383196238	4.557494580102298
0.28760804227184605	4.557494901439511
0.2932778501762905	4.557495538677804
0.3046174659851794	4.55749679169521
0.3272966976029572	4.557499214128149
0.37265516083851286	4.557503741725433
0.3754900647907351	4.5575040113046805
0.3783249687429573	4.557504279361046
0.3839947766474018	4.557504810939518
0.39533439245629065	4.5575058561974
0.4180136240740685	4.5575078769808215
0.4633720873096241	4.557511653912533
0.4664445971892987	4.557511897588208
0.4695171070689733	4.557512139772485
0.4756621268283225	4.557512619703323
0.4879521663470209	4.5575135620663785
0.5125322453844177	4.557515378770121
0.5616924034592112	4.5575187551592204
0.5647649133388859	4.55751895537488
0.5678374232185605	4.557519154365294
0.5739824429779097	4.557519548700354
0.586272482496608	4.557520322994605
0.6108525615340048	4.557521815699657
0.6600127196087984	4.557524589956393
0.6630291383377374	4.5575247514733
0.6660455570666763	4.5575249120199075
0.6720783945245542	4.557525230225521
0.68414406944031	4.557525855247476
0.7082754192718217	4.557527060994607
0.756538118934845	4.557529304941248
0.759554537663784	4.557529438135159
0.762570956392723	4.557529570529034
0.7686037938506008	4.5575298329358835
0.7806694687663567	4.557530348358824
0.8048008185978683	4.557531342680736
0.8530635182608916	4.557533193176011
0.8558769973000009	4.557533295647549
0.8586904763391101	4.55753339754497
0.8643174344173288	4.557533599630315
0.8755713505737659	4.5575339970520305
0.8980791828866403	4.55753476559681
0.9430948475123893	4.557536202840738
0.9459083265514986	4.557536288451215
0.9487218055906079	4.557536373582115
0.9543487636688265	4.55753654241593
0.9656026798252637	4.557536874445953
0.9881105121381382	4.557537516537954
1.033126176763887	4.557538717317525
1.0361772617304488	4.557538794865583
1.0392283466970103	4.557538871942734
1.0453305166301337	4.5575390246957435
1.0575348564963805	4.557539324675649
1.081943536228874	4.557539903149193
1.1307608956938608	4.55754097887704
1.1338119806604225	4.557541042693106
1.1368630656269842	4.557541106121727
1.1429652355601077	4.557541231826041
1.1551695754263542	4.557541478687992
1.1795782551588476	4.557541954733752
1.2283956146238344	4.557542840000524
1.2312437599005666	4.557542889035089
1.2340919051772985	4.557542937791757
1.2397881957307626	4.5575430344777
1.2511807768376906	4.557543224583604
1.2739659390515468	4.557543592072849
1.3195362634792591	4.557544278778567
1.3223844087559913	4.557544319659877
1.3252325540327232	4.5575443603095485
1.3309288445861873	4.557544440919226
1.3423214256931153	4.557544599416243
1.3651065879069715	4.557544905805442
1.410676912334684	4.557545478346028
1.4134689664606803	4.557545511761793
1.4162610205866768	4.557545544991984
1.4218451288386698	4.557545610899764
1.4330133453426552	4.557545740533449
1.4553497783506262	4.557545991296905
1.5000226443665683	4.557546460523914
1.5028146984925645	4.557546488485789
1.505606752618561	4.557546516292417
1.511190860870554	4.55754657144338
1.5223590773745395	4.557546679920007
1.5446955103825104	4.557546889759072
1.5893683763984525	4.557547282415628
1.5923980364519013	4.557547307800162
1.5954276965053502	4.5575473330318435
1.6014870166122477	4.5575473830403315
1.6136056568260426	4.557547481263274
1.6378429372536325	4.557547670732187
1.6863174981088127	4.5575480232851255
1.6893471581622614	4.557548044209219
1.6923768182157102	4.55754806500736
1.6984361383226076	4.55754810622882
1.7105547785364028	4.557548187193429
1.734792058963993	4.557548343373488
1.783266619819173	4.557548633991739
1.7860933401827919	4.557548650088184
1.788920060546411	4.557548666094241
1.7945735012736495	4.557548697837225
1.8058803827281258	4.557548760260732
1.8284941456370785	4.557548880968031
1.8737216714549843	4.557549106668507
1.8765483918186034	4.55754912011116
1.8793751121822224	4.557549133478356
1.8850285529094606	4.5575491599880715
1.8963354343639371	4.557549212120535
1.91894919727289	4.55754931292951
1.9641767230907956	4.557549501428727
1.967241049381867	4.557549513596751
1.9703053756729387	4.55754952569078
1.9764340282550816	4.55754954965865
1.9886913334193674	4.557549596726102
2.013205943747939	4.557549687485249
2.0622351644050827	4.557549856244991
2.0652994906961544	4.557549866255793
2.0683638169872256	4.557549876205747
2.0744924695693685	4.557549895924592
2.0867497747336543	4.557549934648269
2.1112643850622264	4.557550009319648
2.16029360571937	4.55755014817056
2.166016378921854	4.557550163512703
2.171739152124337	4.557550178681244
2.1831846985293044	4.557550208505381
2.2060757913392393	4.557550266155639
2.2518579769591085	4.557550373876256
2.2575807501615923	4.557550386665094
2.2633035233640757	4.557550399309301
2.274749069769043	4.557550424170369
2.2976401625789777	4.557550472227893
2.343422348198847	4.557550562027797
2.3490329390998594	4.557550572481538
2.354643530000872	4.557550582819429
2.3658647118028964	4.557550603152804
2.3883070754069458	4.557550642485096
2.4331918026150445	4.557550716081747
2.438802393516057	4.557550724828739
2.4444129844170694	4.557550733478858
2.455634166219094	4.557550750492774
2.4780765298231433	4.557550783404717
2.5229612570312425	4.557550844990671
2.535132862543077	4.557550860767478
2.547304468054911	4.557550876167965
2.5716476790785796	4.557550905875809
2.6203341011259162	4.5575509611580065
2.63250570663775	4.557550974164849
2.6446773121495846	4.557550986861699
2.669020523173253	4.557551011354926
2.71770694522059	4.557551056936306
2.7290667919731053	4.557551066954055
2.740426638725621	4.557551076748997
2.7631463322306526	4.557551095690265
2.808585719240715	4.55755113111089
2.8199455659932307	4.55755113947954
2.831305412745746	4.557551147662233
2.854025106250777	4.557551163486274
2.8994644932608398	4.557551193079551
2.92408503418549	4.557551208037969
2.9487055751101403	4.557551222286153
2.9979466569594404	4.5575512487858685
3.022567197884091	4.557551261100442
3.047187738808741	4.557551272831017
3.0964288206580415	4.557551294650328
3.1206006323768065	4.557551304610419
3.1447724440955716	4.557551314107186
3.1931160675331016	4.557551331796548
3.2414596909706317	4.557551347880096
3.289803314408162	4.55755136250467
3.3348999028084183	4.557551374949416
3.379996491208674	4.557551386339375
3.4250930796089296	4.557551396764702
3.4701896680091853	4.557551406307813
3.519087951248679	4.557551415745876
3.5679862344881723	4.557551424322666
3.616884517727666	4.557551432117562
3.66578280096716	4.5575514392025935
3.7570852973715985	4.557551450752514
3.8483877937760367	4.557551460422256
3.9378953733569344	4.5575514683756735
4.027402952937832	4.5575514750636685
4.124513922197206	4.557551481125141
4.221624891456579	4.557551486153643
4.312241790641403	4.557551490072464
4.402858689826228	4.557551493368597
4.504014343924095	4.5575514964357255
4.605169998021962	4.557551498968462
