-1.1086624892129675	5.3987771037488255
-1.106629046815638	5.39355020751679
-1.104595604418308	5.388329572571477
-1.1005287196236488	5.377906928447547
-1.09239495003433	5.357135054898204
-1.0761274108556926	5.315876524715826
-1.0435923324984178	5.234436771537189
-0.9785221757838679	5.075414133402053
-0.8374351631290664	4.744821236803186
-0.7056977478068808	4.449252425332242
-0.5765444976312052	4.168354001302242
-0.4364445482298276	3.8710203946216097
-0.30569419616106597	3.5987916949081598
-0.16399714486660236	3.308205165860074
-0.02488425871864872	3.0264879698544407
0.10487903009668896	2.766323279308419
0.24558901813772863	2.486647418907526
0.37694940884615236	2.22759008988053
0.5057256344080661	1.9753960707168416
0.6454485591956818	1.7036718666724269
0.7758218866506815	1.4519183835033451
0.9171419133313832	1.1810354283664029
1.055877774865575	0.9172529790022393
1.1852640390671507	0.6733088703263739
1.3255970024944286	0.4111759950995093
1.4565803685890903	0.16902939365987238
1.5985104339094542	-0.09031719120622238
1.7378563340833082	-0.3415389260504299
1.867852636924546	-0.5725384675590317
2.0087956389914856	-0.8189298103245928
2.1403890437258095	-1.044776712220107
2.269398283313623	-1.261866811824502
2.409354222127139	-1.4920869192774868
2.5399605636080387	-1.7015229476754283
2.6815136043146404	-1.9221180166809455
2.820482479874732	-2.1317062164161023
2.9501017581022078	-2.320515057871086
3.0906677355553853	-2.517518934852325
3.2218841156759472	-2.6937426530300654
3.350516330649999	-2.8589644575167292
3.490095244849753	-3.029488637604499
3.620324561716891	-3.180126075271517
3.7615005778097306	-3.3339966156052627
3.8933269965699546	-3.4687136766993705
4.022569250183668	-3.592360523391799
4.162758203023084	-3.7170998545350304
4.293597558529884	-3.8248420667529768
4.435383613262386	-3.9323661000262637
4.574585502848378	-4.028893651468306
4.704437795101754	-4.111195999573078
4.8452367865808315	-4.192403676295808
4.9766861807272935	-4.26109062132968
5.105551409727245	-4.322157269462269
5.245363337952899	-4.381865788965766
5.375825668845937	-4.431887694071364
5.378101217497619	-4.43271403930244
5.3803767661493005	-4.433538846666867
5.384927863452665	-4.4351838567129
5.3940300580593945	-4.438455520443937
5.412234447272853	-4.444925920655283
5.44864322569977	-4.457578984597943
5.450918774351452	-4.4583572192598035
5.4531943230031334	-4.459133986920424
5.457745420306498	-4.460683130025315
5.4668476149132275	-4.463763908816537
5.485052004126686	-4.469855927307063
5.4873275527783685	-4.470610952947262
5.489603101430051	-4.471364546598115
5.4941541987334155	-4.472867446641799
5.503256393340145	-4.475856158595681
5.505531941991827	-4.4765997892284775
5.5078074906435095	-4.477342005258517
5.512358587946874	-4.478822202178802
5.5146341365985565	-4.479560187399953
5.516909685250239	-4.480296766680146
5.51918523390192	-4.481031942181473
5.521460782553603	-4.481765716064667
