1.6105468964486453	11.512925464970229
1.6111256602875614	10.479789014710626
1.613570030192074	9.585574953953449
1.6160144000965864	9.122044770515677
1.6184587700010988	8.807186358914597
1.6209031399056113	8.56858678390056
1.6233475098101238	8.376505856964386
1.6257918797146365	8.215793378217535
1.6282362496191491	8.07767404909312
1.6306806195236616	7.956606999123021
1.633124989428174	7.848868785284783
1.6355693593326865	7.751836327295195
1.638013729237199	7.6635919503029575
1.6404580991417115	7.582691130509937
1.6453468389507364	7.438695310379222
1.6477912088552489	7.374016097869424
1.6502355787597613	7.313406646551779
1.6551243185687863	7.202579422459568
1.6575686884732987	7.151632148627936
1.6600130583778112	7.103267020754854
1.6649017981868361	7.013340641338971
1.6675529735224055	6.967919153552965
1.670204148857975	6.9245804889782825
1.675506499529114	6.84346155134702
1.6781576748646834	6.805387490594714
1.6808088502002527	6.768802439978721
1.6861112008713917	6.699676132708985
1.6887623762069612	6.666950388661721
1.6914135515425306	6.635341814334888
1.6967159022136693	6.575198120664648
1.7073206035559472	6.465585932956227
1.7099717788915165	6.440124622525094
1.712622954227086	6.415358500997613
1.717925304898225	6.3677732415462565
1.7285300062405027	6.279553954727914
1.7311811815760723	6.25879632296021
1.7338323569116416	6.2385125485036825
1.7391347075827803	6.199287778443672
1.7497394089250582	6.125721881298656
1.7523905842606275	6.108257808259468
1.7550417595961971	6.091137257172436
1.760344110267336	6.05787771831595
1.7709488116096137	5.994976380115755
1.7735999869451833	5.979946805966812
1.7762511622807526	5.965177593322503
1.7815535129518913	5.936387728726157
1.7921582142941692	5.881594767183336
1.7948093896297386	5.868437646382976
1.797460564965308	5.8554846040428306
1.8027629156364469	5.830168075966975
1.8133676169787245	5.78174708497502
1.83457701966328	5.692743695981955
1.8370515620735528	5.68297012858102
1.8395261044838254	5.673314333046727
1.8444751893043705	5.654346021592238
1.8543733589454607	5.617716578540576
1.8741696982276412	5.5492156983715075
1.8766442406379138	5.54106252201364
1.8791187830481864	5.5329946805580725
1.8840678678687315	5.517108777127509
1.8939660375098217	5.486294810568779
1.9137623767920025	5.42819884759633
1.9162369192022752	5.421244313941978
1.9187114616125478	5.414354404175529
1.923660546433093	5.400764332602383
1.9335587160741832	5.37431565035791
1.9533550553563637	5.32414203298632
1.9929477339207249	5.233315596849514
1.9956290817620546	5.227572647712268
1.998310429603384	5.221877392025512
2.003673125286043	5.210627323891098
2.014398516651361	5.188671240204127
2.0358492993819977	5.14680370619605
2.07875086484327	5.070333845972581
2.0814322126845997	5.0658445719660685
2.084113560525929	5.061387052882548
2.0894762562085885	5.052565830778173
2.1002016475739067	5.035288844553114
2.1216524303045428	5.002122933827345
2.1645539957658153	4.940818913861862
2.1671865234672993	4.9372573174489345
2.1698190511687834	4.933717496208404
2.175084106571751	4.926702346530451
2.1856142173776867	4.91292435008337
2.2066744389895585	4.886334495534133
2.2487948822133017	4.836707342744201
2.2514274099147857	4.833751704626748
2.2540599376162698	4.830812376288044
2.2593249930192374	4.824982102132232
2.269855103825173	4.813511348212595
2.2909153254370445	4.791300443715064
2.3330357686607877	4.749591512787837
2.335491663436975	4.747264149241915
2.3379475582131617	4.74494778623738
2.342859347765536	4.740347754454618
2.3526829268702842	4.7312763588607885
2.3723300850797813	4.7136319842057794
2.4116244014987744	4.680215957941004
2.4140802962749612	4.678205903843723
2.4165361910511485	4.676204723718896
2.4214479806035225	4.672228759416644
2.431271559708271	4.664380861301765
2.4509187179177676	4.649089171924606
2.490213034336761	4.62003222020374
2.492875734544005	4.618133213258637
2.495538434751249	4.616242771178869
2.5008638351657373	4.612487364056787
2.511514635994714	4.605076962163372
2.532816237652666	4.590646232962445
2.5754194409685702	4.563258306607666
2.5780821411758144	4.561608573574232
2.5807448413830585	4.559965877897229
2.5860702417975463	4.556701433553326
2.5967210426265224	4.55025519629843
2.618022644284475	4.537684507188908
2.6606258476003797	4.5137637918512254
2.663111914882327	4.512415878499385
2.665597982164274	4.5110730804804655
2.670570116728168	4.508402726059696
2.680514385855957	4.503122263259373
2.7004029241115344	4.49279670758269
2.7401800006226895	4.47304441767887
2.8197341536449994	4.436826212061479
2.822171400787101	4.435780618194928
2.8246086479292023	4.434738632285965
2.8294831422134057	4.432665419932837
2.839232130781812	4.428561587645126
2.8587301079186247	4.420520808414264
2.89772606219225	4.405080124056276
2.975717970739501	4.376566500292452
2.97836202331266	4.375651473139178
2.9810060758858183	4.374739674686089
2.986294181032135	4.372925706902167
2.9968703913247694	4.369335893605646
3.018022811910038	4.362305670142583
3.0603276530805745	4.348819183458798
3.1449373354216483	4.323967967837634
3.14740475506951	4.323282886835708
3.1498721747173715	4.3225999491966185
3.154807014013095	4.321240471517544
3.1646766926045418	4.318546881344264
3.184416049787435	4.31325939259417
3.2238947641532225	4.303069529348657
3.3028521928847967	4.284128475027028
3.3055264179637156	4.283518593021194
3.308200643042634	4.282910699970909
3.3135490932004714	4.281700850124235
3.324245993516146	4.279304683227381
3.345639794147495	4.274604813308683
3.3884273954101936	4.265562059370351
3.47400259793559	4.248808502800767
3.476628002874663	4.248320933586131
3.4792534078137365	4.24783487276878
3.4845042176918826	4.24686725483447
3.4950058374481747	4.244949884640947
3.516009076960759	4.241185433302798
3.5580155559859277	4.233928597016295
3.642028514036266	4.220434953183818
3.644477286050042	4.220060922357808
3.6469260580638183	4.219687941626695
3.651823602091371	4.218945117148744
3.6616186901464753	4.217471923734009
3.681208866256685	4.2145746303469025
3.720389218477104	4.208970749872369
3.7987499229179424	4.198482926368864
3.801405500362776	4.198143486639177
3.804061077807609	4.197805058449755
3.8093722326972754	4.197131223319922
3.819994542476608	4.195795545181031
3.841239162035273	4.193171425125876
3.883728401152603	4.188106438697724
3.9687068793872644	4.178666470602167
3.9711858239068007	4.178404190844732
3.973664768426337	4.178142626908955
3.9786226574654098	4.177621637969786
3.9885384355435547	4.176588156503176
4.008369991699845	4.174554710747832
4.0480331040124256	4.170618234906489
4.127359328637588	4.163239162122354
4.2828872889377925	4.150490023767029
4.451650796825643	4.138862670127578
4.609109797494494	4.129740435097755
4.77980434575099	4.121416930836794
4.939194386788488	4.1148754084838455
5.095459938875868	4.109430378238312
5.264961038550893	4.104436307391084
5.4231576310069185	4.100497388986507
5.59458977105059	4.0968900426790675
5.762897422144143	4.0939113658455035
5.919900566018698	4.091556311935846
6.090139257480898	4.089392495231528
6.249073441724098	4.087682402116746
6.4048831370171815	4.0862522771336565
6.57392837989791	4.084934803371908
6.731669115559639	4.083892102216496
6.734420459306859	4.083875343606852
6.73717180305408	4.083858631312956
6.742674490548522	4.083825345157778
6.753679865537405	4.08375932299568
6.775690615515172	4.083629450907335
6.819712115470706	4.083378173539025
6.822463459217927	4.083362834932976
6.825214802965148	4.083347538697239
6.830717490459589	4.083317072866365
6.841722865448473	4.083256644493155
6.863733615426239	4.0831377749839906
6.866484959173459	4.083123100366319
6.8692363029206795	4.08310846627542
6.874738990415121	4.083079319224275
6.885744365404005	4.083021506514603
6.8884957091512256	4.083007152978881
6.891247052898446	4.082992839078763
6.896749740392888	4.082964329745663
6.899501084140109	4.082950134093615
6.90225242788733	4.0829359776390355
6.905003771634551	4.082921860273156
6.907755115381772	4.0829077818875135
