3.918088510271367	11.512925464970229
3.918250907935434	11.479015850192859
3.920906485380267	11.125183808509156
3.9235620628251002	10.864960747970164
3.926217640269934	10.659154832193053
3.9288732177147674	10.488975638949507
3.9315287951596005	10.343946984263198
3.9341843726044337	10.217626604042758
3.936839950049267	10.105768757431429
3.9394955274941	10.005426812837085
3.942151104938933	9.914471961528797
3.944806682383766	9.831316038375347
3.9474622598285993	9.754742652390703
3.9501178372734325	9.683799500845927
3.9527734147182656	9.617727053896639
3.958084569607932	9.497841976505198
3.960740147052765	9.443102959335256
3.963395724497598	9.39133914262066
3.9687068793872644	9.295579937423682
3.9711858239068007	9.254000028298996
3.973664768426337	9.214176801512693
3.9786226574654098	9.139261765940052
3.981101601984946	9.103937781178793
3.9835805465044825	9.069901918514345
3.9885384355435547	9.005352079771633
3.9910173800630906	8.974687447765223
3.993496324582627	8.945007583167905
3.9984542136216996	8.888371027293728
4.008369991699845	8.78463103069667
4.01084893621938	8.760442687546139
4.013327880738917	8.736883244296378
4.0182857697779895	8.691531471562316
4.028201547856135	8.607169459829748
4.030680492375671	8.587268092725532
4.0331594368952075	8.567802777110055
4.03811732593428	8.530110601099608
4.0480331040124256	8.459246800322905
4.050512048531962	8.442392253068869
4.052990993051498	8.425857662036323
4.057948882090571	8.393704229890337
4.067864660168716	8.332781618113463
4.070343604688253	8.318203494832519
4.072822549207789	8.303870064049132
4.077780438246862	8.275907608521544
4.087696216325007	8.222610527592156
4.090175160844543	8.2097975328482
4.09265410536408	8.197177674675393
4.097611994403152	8.172496465183615
4.107527772481298	8.125233067251292
4.127359328637588	8.038166347025193
4.129789453017278	8.02811228050667
4.1322195773969685	8.018182268999055
4.13707982615635	7.9986835647198555
4.146800323675113	7.961060284817147
4.166241318712639	7.8908037778866555
4.168671443092329	7.882450228194954
4.17110156747202	7.874185855701154
4.175961816231402	7.857917992070713
4.185682313750164	7.8263817470380665
4.20512330878769	7.766988399612219
4.20755343316738	7.759884008538062
4.209983557547071	7.752846753569031
4.214843806306453	7.738969284502273
4.224564303825216	7.711973378162401
4.244005298862741	7.660804187841408
4.2828872889377925	7.568308694218812
4.28552421874854	7.56245746246055
4.288161148559288	7.55665550850905
4.293435008180783	7.545196662859396
4.303982727423774	7.522840612173391
4.325078165909755	7.480237070818172
4.367269042881718	7.402508420446397
4.369905972692465	7.397948512879646
4.372542902503213	7.393421205386607
4.377816762124708	7.38446288232456
4.388364481367699	7.366921199030475
4.40945991985368	7.333260979338589
4.451650796825643	7.271088667333304
4.454111093711093	7.267657188856247
4.456571390596544	7.264245817845339
4.461491984367446	7.257482658075224
4.471333171909249	7.244189624072471
4.491015546992855	7.218498300564013
4.530380297160068	7.170415519098914
4.532840594045519	7.167546366049109
4.535300890930969	7.164692429023171
4.540221484701871	7.159029709761823
4.5500626722436746	7.14788151776822
4.569745047327281	7.126268285690035
4.609109797494494	7.085584474321393
4.611776899811002	7.082943062537054
4.6144440021275095	7.080315605622264
4.619778206760524	7.075102117557519
4.630446616026555	7.0648378414068755
4.6517834345586175	7.0449370487634155
4.694457071622741	7.007476579119727
4.697124173939249	7.005232729562889
4.699791276255757	7.002999851117136
4.705125480888773	6.998566696710773
4.715793890154804	6.989828665485288
4.737130708686866	6.972849281080057
4.77980434575099	6.940755016333022
4.782294815142201	6.9389545652314055
4.784785284533411	6.937161810032798
4.789766223315834	6.933599201436657
4.799728100880678	6.926564312137508
4.819651856010365	6.912845929613505
4.859499366269739	6.886740192411148
4.8619898356609506	6.885164732737957
4.864480305052162	6.883595655716801
4.869461243834583	6.880476506743846
4.879423121399427	6.874313244428643
4.899346876529114	6.862279210984051
4.939194386788488	6.839323292142174
4.941636036039853	6.8379627700529
4.9440776852912185	6.836607403642415
4.948960983793949	6.83391203216087
4.95872758079941	6.8285820051184745
4.978260774810333	6.818159131235894
5.017327162832178	6.798218934300095
5.095459938875868	6.761648322770093
5.09810839355829	6.760480202161186
5.100756848240712	6.759316525549237
5.106053757605556	6.7570024163147595
5.116647576335246	6.752426566016789
5.137835213794624	6.743479595742322
5.18021048871338	6.726368456357531
5.264961038550893	6.695014652088248
5.267432860308018	6.694153392034971
5.269904682065144	6.693294994798876
5.274848325579395	6.691586741021805
5.284735612607896	6.6882040656277315
5.304510186664899	6.681571452381437
5.344059334778906	6.668817272023314
5.4231576310069185	6.645205976112486
5.425836258195101	6.644447876677902
5.428514885383283	6.643692375684229
5.433872139759648	6.642189125659484
5.444586648512377	6.639213333201462
5.466015666017837	6.633382224428294
5.5088737010287545	6.622183811256021
5.59458977105059	6.601508201015129
5.597219578098926	6.600907852818927
5.599849385147263	6.600309439159441
5.605108999243937	6.59911838595441
5.615628227437284	6.596759171505854
5.636666683823978	6.592130703609394
5.678743596597366	6.583221205542994
5.762897422144143	6.566699375380324
5.765350596267183	6.566242175171832
5.767803770390223	6.565786302765121
5.772710118636303	6.564878523546234
5.782522815128463	6.5630787038385465
5.802148208112782	6.559541045316902
5.841398994081421	6.552706094492696
5.919900566018698	6.539940727008493
5.922560545572795	6.539528204654298
5.925220525126891	6.5391169470816655
5.930540484235085	6.538298208722939
5.941180402451472	6.536675717270982
5.962460238884248	6.533489715524263
6.005019911749798	6.527346192002872
6.090139257480898	6.5159170314108215
6.092622604109698	6.515599834536995
6.095105950738498	6.51528352430768
6.100072643996098	6.514653552765123
6.110006030511298	6.5134041287865765
6.129872803541698	6.510946753139822
6.169606349602498	6.5061931880307435
6.249073441724098	6.497295145369461
6.251507968213053	6.497034745083247
6.253942494702008	6.496775045317659
6.258811547679916	6.496257739094642
6.268549653635734	6.495231442498886
6.288025865547369	6.493211659476469
6.32697828937064	6.489299799131073
6.4048831370171815	6.481960004127641
6.407524468937193	6.4817219351386735
6.410165800857204	6.4814845504060346
6.415448464697227	6.48101182520551
6.426013792377272	6.480074492754439
6.447144447737363	6.478231833004075
6.489405758457545	6.47467089794721
6.57392837989791	6.4680189508460355
6.576393078892625	6.467833920799529
6.57885777788734	6.46764938023264
6.583787175876768	6.467281762003805
6.593645971855626	6.4665523386734725
6.613363563813342	6.465116440213159
6.652798747728775	6.462334058388711
6.731669115559639	6.457108801413541
6.734420459306859	6.4569343261304
6.73717180305408	6.456760360444979
6.742674490548522	6.456413951567075
6.753679865537405	6.455727179982136
6.775690615515172	6.454377475541078
6.819712115470706	6.451770723457388
6.822463459217927	6.451611799388275
6.825214802965148	6.45145333704258
6.830717490459589	6.451137791869906
6.841722865448473	6.450512180303706
6.863733615426239	6.449282561849631
6.866484959173459	6.449130858294392
6.8692363029206795	6.448979594397479
6.874738990415121	6.448678380222285
6.885744365404005	6.448081169101177
6.8884957091512256	6.447932945535806
6.891247052898446	6.44778515103126
6.896749740392888	6.447490843989213
6.899501084140109	6.447344328854812
6.90225242788733	6.447198237587404
6.905003771634551	6.44705256889928
6.907755115381772	6.446907321506999
