2.4201992607635985	6.907755278982137
2.420242003720867	6.816603846135274
2.4202975361554095	6.71071969626677
2.4203530685899515	6.6149723243477965
2.4204086010244934	6.52758854830935
2.4204641334590358	6.447223257807023
2.420519665893578	6.372831827828228
2.4205751983281205	6.303586787349149
2.420686263197205	6.177991058826009
2.4207417956317467	6.120644246407246
2.420797328066289	6.066403303283261
2.420908392935374	5.966008035868288
2.4209639253699162	5.919346690503521
2.421019457804458	5.874761623249046
2.4211305226735425	5.791133624676084
2.421186055108085	5.751798269887736
2.4212415875426267	5.71394815693628
2.421352652411711	5.642282181799611
2.42157478214988	5.51269599981364
2.421630314584422	5.482755969676056
2.4216858470189644	5.453683534918275
2.421796911888049	5.397949691342441
2.4220190416262177	5.294986800096138
2.42207457406076	5.27081540540437
2.4221301064953025	5.24721221474964
2.4222411713643868	5.201607596958527
2.422463301102556	5.116176075288839
2.4229075605788934	4.964430183891736
2.4229619997947536	4.947317129753063
2.4230164390106133	4.930490406490857
2.4231253174423326	4.8976586115685015
2.4233430743057713	4.835044432258721
2.423778588032649	4.7204143923870445
2.4238330272485085	4.706961427053796
2.423887466464368	4.693685775877134
2.4239963448960875	4.667648076024302
2.4242141017595262	4.6175082356403605
2.4246496154864037	4.524142104833911
2.4247040547022634	4.51305644945661
2.424758493918123	4.502091291170038
2.4248673723498424	4.480512138991024
2.425085129213281	4.43869068301275
2.4255206429401586	4.3599115977688445
2.4263916703939135	4.218684027768072
2.4264507405584266	4.209784395841002
2.4265098107229397	4.200962353442093
2.426627951051966	4.183545675813512
2.4268642317100184	4.149586307349433
2.4273367930261234	4.084903833290777
2.4282819156583337	3.9667415920035016
2.428340985822847	3.959794102181015
2.4284000559873604	3.952893830620604
2.4285181963163867	3.9392323860648273
2.428754476974439	3.9124487073953063
2.429227038290544	3.8609105066449922
2.430172160922754	3.7650632578271113
2.4302272757849166	3.7597429033516865
2.430282390647079	3.7544501924281146
2.4303926203714044	3.7439465520779485
2.4306130798200547	3.7232585995789336
2.431053998717356	3.6831010869742933
2.4319358365119577	3.607237322493521
2.4319909513741202	3.60267786718624
2.432046066236283	3.598138666417728
2.432156295960608	3.589120306549531
2.432376755409259	3.571318832880422
2.43281767430656	3.5366193916388156
2.4336995121011618	3.4705618865215806
2.4337592579119782	3.4662367862160046
2.4338190037227942	3.4619298597549184
2.4339384953444263	3.4533699144293033
2.4341774785876904	3.436461463904502
2.4346554450742186	3.403458327470836
2.435611378047276	3.340473246523957
2.43752324399339	3.2250097827212234
2.437579034501856	3.2218272253703764
2.4376348250103215	3.2186544537712307
2.4377464060272525	3.212338024636404
2.4379695680611144	3.199819951667641
2.4384158921288392	3.1752300320018247
2.439308540264288	3.127738502700537
2.441093836535186	3.0388292409144535
2.4445944630813004	2.883891596370747
2.448391470341235	2.7383347960075053
2.451935338250737	2.618558898535814
2.4557755868740596	2.502453480025108
2.4595458695017007	2.3995902963074816
2.4630630127789095	2.3117913960156438
2.4668765367699383	2.224034722524518
2.470436921410535	2.1480513666122745
2.47392734005545	2.0783650899289006
2.4777141394141853	2.0074476742830427
2.481247799422488	1.9451381103990355
2.485077840144611	1.881324383814018
2.488837914871053	1.822026798920755
2.492344850247062	1.7694001304794098
2.4961481663368916	1.7149588084094043
2.4996983430762887	1.6663839797660804
2.5035449005295063	1.6159755663953848
2.5073214919870424	1.5685364676578726
2.510844944094146	1.5259580859835669
2.51466477691507	1.4814851709316306
2.5182314703855613	1.4414246604655425
2.521728197860371	1.4034240887217615
2.5255213060490016	1.3635296211484285
2.5290612748871992	1.3274596634283504
2.5328976244392174	1.2895517780964876
2.536664007995554	1.2534540298774428
2.5401772522014583	1.2207191927095047
2.543986877121183	1.1861828940573695
2.547543362690475	1.1547910884620443
2.5510298822640856	1.1247687313083452
2.5548127825515166	1.092990641709033
2.558342543488515	1.0640472037185227
2.562168685139334	1.033404851084431
2.565924860794471	1.004024909465245
2.569427897099176	0.9772204827625086
2.5732273141177013	0.9487663676740304
2.5767735917857943	0.9227613607494914
2.5806162501677075	0.8951577846118692
2.584388942553939	0.8686118398894858
2.5879084955897382	0.8443207605343739
2.591724429339358	0.8184782691308141
2.595287223738545	0.7947947661323725
2.5987800521420503	0.7719761553382918
2.6025692612593763	0.7476510509360088
2.60610533102627	0.7253386583538807
2.6099377815069835	0.7015620680243057
2.613700265992016	0.6786144631668743
2.617209611126616	0.6575501031151462
2.621015336975036	0.635063234749628
2.624567923473024	0.6143948799600625
2.6280505439753306	0.5944255324865035
2.631829545191457	0.5730725312026426
2.635355407057151	0.553436308798601
2.639177649636666	0.5324511890734953
2.642746752865748	0.5131299362927133
2.646245890099148	0.49443609602362276
2.650041408046369	0.474428407139501
2.6535837866431575	0.4560003012844734
2.6574225459537666	0.4362891988746431
2.661191339268694	0.41719114835761617
2.664706993233189	0.3995956496316293
2.668519027911504	0.3807493577186447
2.672077923239387	0.3633666450985069
2.6755668525715883	0.34651881529796685
2.67935216261761	0.3284500224855808
2.682884333313199	0.3117814854085666
2.6867128847226085	0.29391771278359163
2.6904714701363366	0.2765805664307912
2.6939769161996323	0.26058497052282703
2.697778742976748	0.24342164255112156
2.7013274304034316	0.2275700380769191
2.7051724985439356	0.21057381648173093
2.708947600688758	0.19406359125813888
2.7124695634831477	0.17881432977514894
2.716287906991358	0.16244541680944322
2.7198531111491357	0.1473116223697276
2.723348349311232	0.13261201949877374
2.727139968187149	0.11681593892521364
2.730678447712633	0.10221198104716499
2.7345133079519375	0.08653118850014045
2.7382782021955605	0.07128116022722503
2.741789957088751	0.057182732047440704
2.745598092695762	0.042029026731219596
2.7491530889523403	0.02800624071388326
2.752638119213237	0.014372777899041195
2.7564195301879546	-0.0002959083784273054
2.759947801812239	-0.013868493576081019
2.7637724541503443	-0.02845942333101576
2.767343967138017	-0.041972638903073144
2.7708455141300083	-0.05511829021576956
2.77464344183582	-0.06926385174716417
2.778188230191199	-0.08236282815180401
2.7820293992603986	-0.09644623678368971
2.7858006023339166	-0.1101632919478025
2.789318666057002	-0.12286345076130788
2.793133110493908	-0.13653073813528327
2.7966944155803812	-0.1491963202235994
2.800185754671173	-0.1615259789820209
2.8039734744757854	-0.17480660546930682
2.8075080549299654	-0.1871114873715009
2.8113390160979654	-0.20035382658471615
2.815100011270284	-0.21326063854646835
2.81860786709217	-0.22521661988953304
2.822412103627877	-0.23809480713140804
2.8259632008131508	-0.25003492298145463
2.829444332002743	-0.2616650661443977
2.833221843906156	-0.2742031376820335
2.8367462164591366	-0.2858251209841036
2.8405669697259377	-0.29834313540016
2.844134583642306	-0.30995669996559944
2.8476322315629927	-0.3212732894902873
2.8514262601975	-0.33347260597834055
2.854967149481575	-0.3447876005048141
2.85880441947947	-0.35697424766748215
2.8625717234816834	-0.3688636145500947
2.8660858881334645	-0.3798881257762891
2.869896433499066	-0.3917716389520976
2.873453839514235	-0.40280027691095127
2.876941279533723	-0.41355161960118275
2.8807251002670307	-0.42515007842190605
2.884255781649906	-0.43591103919427093
2.888082843746602	-0.44750924438264167
2.8918399398476167	-0.45882957153496357
2.8953438965981984	-0.4693292793152954
2.8991442340626006	-0.4806548791635795
2.9026914321765704	-0.4911685157878031
2.9065350110043604	-0.5024987935061762
2.910308623836469	-0.5135612011872699
2.913829097318145	-0.523827281280368
2.9176459515136415	-0.5348993326657927
2.9212096663587057	-0.5451830781102663
2.9247034152080884	-0.5552150136363095
2.928493544771291	-0.5660428627252695
2.9320305349840616	-0.5760964966010433
2.9358639059106526	-0.5869377098314446
2.939627310841562	-0.5975263017115057
2.9431375764220387	-0.6073544408689516
2.946944222716336	-0.6179604935721859
2.9504977296602006	-0.6278131547302715
2.953981270608384	-0.637427330515573
2.9577611922703877	-0.647810291825802
2.9612879745819587	-0.6574523292734288
2.9651111376073502	-0.6678555981469873
2.9686811612823094	-0.6775245509307933
2.972181218961587	-0.6869618917120601
2.975977657354685	-0.6971518136946695
2.97952095639735	-0.7066191143456828
2.983360636153836	-0.7168318401111581
2.9871303499146404	-0.726812033772161
2.9906469243250124	-0.7360810812886829
2.9944598794492046	-0.7460871954680117
2.9980196952229643	-0.7553880523551229
3.0015095450010425	-0.7644681648859959
3.0052957754929412	-0.7742774287778375
3.008828866634407	-0.7833919048232424
3.0126583384896937	-0.793228990485191
3.0164178443492986	-0.8028443678777518
3.019924210858471	-0.8117752588415914
3.023726958081464	-0.8214210859075031
3.027276565954024	-0.8303877124268695
3.031122554540405	-0.8400630488928026
3.0348985771311043	-0.8495223813495567
3.0384214603713713	-0.8583122452512993
3.0422407243254583	-0.8678035022127542
3.045806848929113	-0.8766302851428626
3.049303007537086	-0.8852510606963079
3.05309554685888	-0.8945662828272203
3.0566349468302407	-0.9032259646031747
3.060470727515422	-0.9125743577339817
3.064236542204922	-0.921715762332992
3.0677492175439895	-0.9302104488637036
3.0715582735968776	-0.939387081634069
3.075114190299333	-0.9479215231527235
3.0786001410061066	-0.9562580361800023
3.082382472426701	-0.9652700637653102
3.0859116644968627	-0.9736480272421577
3.0897372372808447	-0.9826961984338618
3.093492844069145	-0.991545455706752
3.0969953115070132	-0.999768692688241
3.100794159658702	-1.0086558561187915
3.104339868459958	-1.0169211257500084
3.1081819579750345	-1.0258452328937209
3.1119540814944293	-1.034574717914971
3.1154730656633918	-1.04268997659039
3.1192884305461748	-1.051458040507329
3.122850656078525	-1.059615811908741
3.1263429156151936	-1.0675868338515675
3.130131555865683	-1.0762049135942036
3.1336670567657396	-1.0842197992362872
3.1374989383796166	-1.092877003512997
3.1412608539978124	-1.1013464894604115
3.1447696302655754	-1.1092198277070595
3.148574787247159	-1.1177298497478088
3.15212680487831	-1.125647338377511
3.15560885651378	-1.133384341560919
3.1593872888630696	-1.1417526532729467
3.162912581861927	-1.149534973872012
3.166734255574605	-1.1579441726095683
3.17030278993685	-1.1657708448032513
3.1738013583034137	-1.1734203400027792
3.177596307383798	-1.1816915233413186
3.1811381171137496	-1.1893864604745361
3.184976307557522	-1.1976988084495848
3.1887445320056127	-1.2058330344258728
3.1922596171032707	-1.213397264919717
3.196071082914749	-1.2215738000057337
3.1996294093757953	-1.2291835451534547
3.20311776984116	-1.2366215828410319
3.2069025110203446	-1.2446670449021557
3.210434112849097	-1.2521515445399816
3.21426209539167	-1.2602394479558179
3.218020111938561	-1.2681547131563138
3.22152498913502	-1.2755148258535567
3.2253262470452992	-1.283473530219609
3.228874365605146	-1.2908800607335837
3.232718864878813	-1.2988812895058799
3.236493398156799	-1.3067128222250344
3.240014792084352	-1.3139977815250394
3.2438325667257253	-1.3218727740612464
3.2473972020166664	-1.3292040645758239
3.250891871311926	-1.3363714046303974
3.254682921321006	-1.3441243115915198
3.2582208319796533	-1.3513387574575675
3.262055123352121	-1.3591350919473044
3.2658194487289074	-1.3667665737976493
3.2693306347552613	-1.3738648313992208
3.2731382014954353	-1.3815405600943025
3.276692628885177	-1.3886857487413855
3.280177090279237	-1.3956714556080914
3.2839579323871178	-1.403230400130276
3.2874856351445656	-1.410263716111329
3.291309718615834	-1.4178667841214305
3.29488066273667	-1.4249468221516728
3.2983816408618245	-1.4318697580501867
3.3021789997007995	-1.439358324260198
3.3057232191893418	-1.4463286208391921
3.3095638193917045	-1.4538611542624627
3.3133344535983857	-1.4612357112808574
3.3168519484546346	-1.4680967650059504
3.3206658240247036	-1.4755159674547933
3.32422656024434	-1.4824241090232513
3.327717330468295	-1.4891791610420342
3.331504481406071	-1.4964884380333883
3.335038492993414	-1.5032911388064956
3.3388688852945774	-1.5106448347349408
3.342629311600059	-1.5178445831324328
3.3461365985551086	-1.5245422517055895
3.3499402662239786	-1.5317870167118066
3.3534907945424157	-1.5385320053055758
3.3569713568651713	-1.5451276549918491
3.3607482999017475	-1.552266656036803
3.3642721035878913	-1.558910119368323
3.3680922879878556	-1.5660938518612946
3.371659333037387	-1.5727842878857043
3.375156412091237	-1.579327389947297
3.3789498718589077	-1.586407099140159
3.382490192276146	-1.5929976404193973
3.386326893407204	-1.6001217750971428
3.390093628542581	-1.6070977437097287
3.3936072243275253	-1.6135886910510209
3.39741720082629	-1.6206095842560373
3.4009740379746223	-1.627147579876011
3.4044609091272733	-1.6335416583103666
3.4082441609937444	-1.6404621741225556
3.411774273509783	-1.6469037122983023
3.4156007667396424	-1.6538688009082172
3.41935729397382	-1.6606891556324548
3.422860681857565	-1.6670344745143852
3.4266604504551306	-1.6738998437770538
3.4302070797022637	-1.6802921953999035
3.434050089663217	-1.6872017686671585
3.4378231336284886	-1.693968466324683
3.441343038243328	-1.7002659964080904
3.4451593235719877	-1.7070773161746597
3.448722469550215	-1.713421439645265
3.452215649532761	-1.7196266313323292
3.456005210229127	-1.7263423074695663
3.459541631575061	-1.732594436339612
3.463374433634815	-1.739354330403145
3.467137269698888	-1.7459744990784412
3.4706469664125277	-1.752134795489388
3.474453043839988	-1.758799552805102
3.478005981917016	-1.7650063189813479
3.4814889539983627	-1.7710771231587512
3.4852683067935297	-1.7776492038975984
3.488794520238264	-1.7837667818283394
3.4926171143968188	-1.790383016801393
3.496186569204941	-1.7965465917321015
3.499686058017382	-1.8025757998763576
3.503481927543643	-1.8091005332704257
3.5070246577194717	-1.8151760267316788
3.510863768609121	-1.8217444692393074
3.5146329135030885	-1.8281777722799777
3.5181489190466237	-1.8341652846646836
3.521961305303979	-1.8406426091684769
3.525520552210902	-1.8466759081644966
3.5290098331221436	-1.8525775989609465
3.5327954947472056	-1.8589660755692845
3.5363280170218347	-1.8649138080964103
3.5401569200102845	-1.8713458372287017
3.5439158570030527	-1.8776454985446598
3.5474216546453885	-1.88350772836827
3.5512238330015444	-1.8898512197550743
3.554772872007268	-1.8957589744139833
3.558618291726812	-1.9021455385401713
3.5623937454506747	-1.9084012408689652
3.565916059824105	-1.9142244614281627
3.569734754911355	-1.9205235000162673
3.573300310648173	-1.9263917221471503
3.5767959003893095	-1.932132413936624
3.5805878708442664	-1.938346034954572
3.5841267019487906	-1.9441319425004027
3.5879619137671352	-1.950388403432633
3.5917271595897984	-1.9565165926422803
3.595239266062029	-1.9622202046348256
3.5990477532480805	-1.9683914680831784
3.602603101083699	-1.974139758503631
3.606088482923636	-1.9797629863327888
3.6098702454773934	-1.9858510618723815
3.6133988686807186	-1.9915191577128417
3.617223872597864	-1.9976497955230825
3.6207957371645767	-2.003362033599528
3.624297635735608	-2.0089505394976572
3.62809591502046	-2.0149988173489097
3.6316410549548794	-2.020631645632976
3.635482575603119	-2.0267219679436947
3.639254130255677	-2.032687833173118
3.642772545557803	-2.0382412339064033
3.646587341573749	-2.044249341931415
3.6501489982392625	-2.0498465120008804
3.6536406889090944	-2.0553222787206407
3.657428760292747	-2.0612500580195254
3.660963692325967	-2.0667697534646945
3.664795005073007	-2.0727392456098386
3.668556351824366	-2.0785866204248644
3.672064559225292	-2.08402880147317
3.675869147340039	-2.0899180656127636
3.6794205961043533	-2.0954036136273353
3.6829020788729863	-2.1007700001873104
3.6866799423554393	-2.106580844774486
3.69020466648746	-2.11199073925902
3.694025771333301	-2.1178429332626894
3.6975937368287095	-2.1232956365206506
3.7010917363284364	-2.1286303891946106
3.7048861165419837	-2.1344048420057207
3.7084273574050988	-2.1397825374961985
3.7122649789820343	-2.1455977958071983
3.7160326345632884	-2.151294403858736
3.7195471507941096	-2.1565970250478563
3.7233580477387513	-2.1623345882103333
3.7269158053329607	-2.1676795807367917
3.7304035969314886	-2.1729087559722013
3.7341877692438366	-2.17857033604979
3.737718802205752	-2.183842001043656
3.7415462158814883	-2.189543984827778
3.745303663561543	-2.1951294615183548
3.748807971891165	-2.2003277164343946
3.7526086609346074	-2.205953729960069
3.7561562106276174	-2.211193898231921
3.760000141034448	-2.2168597573765956
3.763774105445597	-2.222410278635546
3.767294930506313	-2.227577619984515
3.7711121362808497	-2.2331681136896826
3.774676202704954	-2.2383767897588713
3.778170303133377	-2.2434728529411205
3.78196078427562	-2.2489896094756805
3.7854981260674307	-2.254127106695449
3.789331848573062	-2.2596832755896106
3.7930956050830114	-2.265126154442157
3.7966062222425285	-2.2701923706991867
3.800413220115866	-2.275674774752923
3.8039670786387707	-2.280781843171248
3.807450971165994	-2.285778275881806
3.811231244407038	-2.2911884896359087
3.814758378297649	-2.2962258620393214
3.8185818929020807	-2.301675036817057
3.82215226815608	-2.306752685465596
3.8256526774143977	-2.3117207688934402
3.829449467386536	-2.3170982646627594
3.8329931180082415	-2.322106707655578
3.8368331493437675	-2.327522598140529
3.840603214683612	-2.332828257902124
3.844120140673024	-2.337767377091948
3.8479334473762563	-2.34311152741654
3.851493614729056	-2.3480904207781896
3.8549838160861745	-2.3529616509989144
3.8587703981571133	-2.358235569793149
3.86230384087762	-2.3631466474997973
3.8661336643119464	-2.3684584879969295
3.8698935217505914	-2.3736620084341213
3.873400239838804	-2.378505142860318
3.8772033386408373	-2.3837466702698022
3.8807532980924377	-2.3886290658916853
3.8845996382578587	-2.3939079407492634
3.888376012427598	-2.3990795397629934
3.891899247246905	-2.40389444393405
3.8957188627800328	-2.4091034718575512
3.8992853389627276	-2.413957049956967
3.902781849149741	-2.418705842572858
3.9065747400505746	-2.4238464743305173
3.910114491600976	-2.428634002176812
3.9139506238651975	-2.433811491125994
3.9177167901337375	-2.438883548263203
3.921229817051845	-2.443604886804962
3.9250392246837733	-2.4487138736313403
3.9285954929652687	-2.4534733603300016
3.9320817952510825	-2.458129852451258
3.935864478250717	-2.463171749229725
3.939394021899919	-2.4678664432824684
3.9432199462629414	-2.472944697665938
3.9469759046302824	-2.4779193191705233
3.9504787236471905	-2.482549074939722
3.9542779233779193	-2.4875601185808147
3.9578239837582156	-2.492227490109215
3.961666424852332	-2.4972743145196636
3.965438899950767	-2.502218490103665
3.9689582356987696	-2.5068213166968074
3.9727739521605927	-2.5118013348907113
3.9763365292719834	-2.516441190698964
3.9798291403876926	-2.5209807711586594
3.983618132217222	-2.525895348769089
3.987153984696319	-2.530472003367738
3.9909862178892364	-2.5354218513047293
3.9947484850864723	-2.540270795333782
3.9982576129332754	-2.5447840953183953
4.002063121493899	-2.5496683647911667
4.0056154907040895	-2.554218154130385
4.009097893918598	-2.558669367632566
4.012876677846928	-2.563489392233716
4.016402322424826	-2.567977134392838
4.020224347716543	-2.572831913490167
4.023793233657829	-2.577355568276844
4.027292153603432	-2.581781569989471
4.031087454262856	-2.5865724589185666
4.0346296155718475	-2.591034410898159
4.038468157594659	-2.5958594831310617
4.042236733621789	-2.600586283024018
4.045752170298487	-2.604986372833567
4.049563987689005	-2.609747403403059
4.053122665729091	-2.614182861135649
4.0566113777734945	-2.6185223212465494
4.060396470531719	-2.623220606165444
4.063928423939512	-2.6275954671250674
4.067756758061124	-2.6323274136921713
4.071515126187055	-2.6369627508159037
4.075020354962554	-2.6412768523591788
4.078821964451873	-2.6459458935116267
4.082370434590759	-2.650294816560819
4.0862152854434655	-2.654996946481679
4.08999017030049	-2.6596033777162598
4.093511915807083	-2.663891869986236
4.0973300420274965	-2.6685314309756207
4.100895028897477	-2.6728541658356844
4.1043900497717765	-2.6770834278850097
4.108181451359896	-2.681661682325658
4.111719713597584	-2.685925214670643
4.115554356549091	-2.690536032848868
4.119319033504917	-2.6950527753222215
4.122830571110311	-2.6992569390072463
4.126638489429524	-2.7038062820504343
4.130193268398306	-2.708044140741902
4.133678081371405	-2.712190112794862
4.137459275058325	-2.7166792185387854
4.140987329394813	-2.72085890987099
4.144811764445121	-2.7253800535343404
4.148383060144997	-2.7295928733737913
4.151884389849192	-2.7337146688668397
4.155682100267207	-2.7381758772286857
4.159226671334789	-2.7423308247806717
4.163067623116191	-2.7468235090133226
4.166838608901912	-2.751224574708612
4.170356455337201	-2.755321481586381
4.174170682486309	-2.759754055573833
4.177731770284986	-2.7638835440744294
4.18122289208798	-2.7679235608770303
4.185010394604796	-2.7722972345967203
4.1885447577711785	-2.7763698537571124
4.192375501651382	-2.780774477697598
4.196136279535904	-2.7850890429098003
4.199643918069993	-2.789104623329129
4.203447937317903	-2.7934501681974098
4.20699881721538	-2.797497785067212
4.210479731117176	-2.8014574569666704
4.214257025732792	-2.8057451115001375
4.217781180997975	-2.809736838148234
4.221601716976979	-2.814054918608336
4.22516911360555	-2.818078124924736
4.22866654423844	-2.8220142167445883
4.23246035558515	-2.8262746858188486
4.236001027581428	-2.830242275326052
4.239838080291526	-2.8345326176571164
4.243605167005943	-2.8387352670064008
4.247119114369927	-2.842647069805866
4.250929442447732	-2.8468796189651577
4.254486631175104	-2.8508223596184896
4.257973853906795	-2.8546794835357674
4.261757457352306	-2.858855404648027
4.265287921447384	-2.8627434824831597
4.2691147662562825	-2.8669487555854203
4.2728716450694995	-2.871067840547742
4.276375384532284	-2.874901085696458
4.28017550470889	-2.8790495471252995
4.283722485535062	-2.8829131916292514
4.287565847075055	-2.887090454706973
4.291339242619367	-2.8911823550731484
4.2948594988132465	-2.894991436615037
4.298676135720946	-2.899112163044338
4.302239633278213	-2.902951090889481
4.305733164839799	-2.906706696652121
4.309523077115204	-2.9107720297942703
4.313059850040178	-2.914557496325689
4.316893003678971	-2.9186511143830867
4.320656191322083	-2.9226608475349813
4.324166239614763	-2.926392683795367
4.327972668621263	-2.9304307246433314
4.331525958277331	-2.934191874291
4.335009281937718	-2.9378711505589266
4.338788986311925	-2.941854739962154
4.342315551335699	-2.9455633427989922
4.3461384970732935	-2.9495747043170715
4.349708303460456	-2.9533120826689507
4.353208143851936	-2.9569683762852046
4.357004364957237	-2.9609255416273457
4.360547446712105	-2.9646106241984804
4.364386909180793	-2.9685950278047595
4.368156405653801	-2.9724977924244884
4.371672762776376	-2.976130411882089
4.375485500612771	-2.9800604364594183
4.379045099098734	-2.983721305211263
4.382534731589016	-2.987302513786694
4.386320744793117	-2.9911792660680803
4.389853618646787	-2.9947887364169414
4.393682873214276	-2.99869222075609
4.397442161786084	-3.0025154977515185
4.400948311007459	-3.00607340363021
4.404750840942655	-3.0099234333477742
4.408300231527418	-3.013509067558324
4.4121460028260024	-3.0173852996947677
4.415921808128905	-3.0211821103087493
4.4194444740813745	-3.024716431815511
4.423263520747665	-3.028539465965254
4.426829428063523	-3.0321009844574762
4.4303253693836995	-3.0355850284583212
4.434117691417696	-3.039355953392753
4.43765687410126	-3.04286720659313
4.441492437498645	-3.0466638354719877
4.445258034900347	-3.050382451436042
4.448770492951618	-3.0538432759081076
4.452579331716708	-3.0575876161967863
4.4561350311313666	-3.0610751250455603
4.459620764550343	-3.0644865412122475
4.463402878683141	-3.068179666315918
4.466931853465505	-3.0716177785518033
4.4707572089616905	-3.075336114856921
4.474512598462194	-3.0789778271719377
4.478014848612266	-3.082366381177204
4.481813479476157	-3.0860333245045317
4.4853589709896164	-3.0894480564217988
4.489200843216896	-3.093139696535187
4.4929727494484935	-3.0967554752953754
4.496491516329659	-3.100120893059229
4.500306663924644	-3.103761389103645
4.503868672169197	-3.10715246903215
4.507360714418069	-3.110469577493507
4.5111491373807615	-3.114059986450125
4.514684420993021	-3.117402769094373
4.518516085319101	-3.121017391320575
4.5222777836495	-3.124557519662461
4.525786342629466	-3.127851846819529
4.529591282323253	-3.13141620857856
4.533143082666607	-3.134735701087459
4.536624917014279	-3.1379825637045053
4.540403132075772	-3.14149770752094
4.543928207786832	-3.144769747312767
4.547749664211713	-3.14830862740869
4.551317981286161	-3.1516053335275283
4.554816332364927	-3.1548301406673116
4.558611064157515	-3.1583200391413895
4.56215265659967	-3.161569525238757
4.565990629755645	-3.1650826654791016
4.569758636915939	-3.1685233932898034
4.5732735047258	-3.1717255049595594
4.577084753249482	-3.175189495320862
4.580642862422731	-3.178415786789484
4.584131005600298	-3.1815715004461493
4.587915529491686	-3.1849873681217917
4.591446914032641	-3.1881672741649556
4.595274679287417	-3.1916059169825077
4.599032478546512	-3.1949734757593067
4.602537138455173	-3.198106844413524
4.606338179077656	-3.201497199044629
4.609886080349706	-3.2046542681465864
4.613730362335576	-3.208066909919993
4.617504678325765	-3.211409197389528
4.621025854965521	-3.2145199666834845
4.624843412319097	-3.2178845629701764
4.628407830322241	-3.2210185436510725
4.631902282329704	-3.2240839752875354
4.635693115050986	-3.2274015382342167
4.6392308084218365	-3.230490194826226
4.643064882506508	-3.2338295893453357
4.646828990595497	-3.2370999378135044
4.650339959334054	-3.240143122691327
4.654147308786431	-3.2434353244628977
4.657701518888376	-3.2465012526306585
4.66118576299464	-3.249499914839461
4.664966387814723	-3.252745922384222
4.668493873284374	-3.255767341596987
4.672317739467846	-3.2590347325664455
4.675888466300885	-3.2620784232242306
4.679389227138242	-3.265055547174972
4.6831863686894195	-3.2682769761607093
4.686730370890165	-3.271276386274642
4.690570753804731	-3.2745187318747866
4.694341170723615	-3.2776940230671228
4.697858448292067	-3.2806490095861056
4.701672106574339	-3.283845240315446
4.705232625506179	-3.2868220418441245
4.708723178442337	-3.2897335400288834
4.712510112092316	-3.2928846398643863
4.716043906391862	-3.295817968005059
4.719874081405228	-3.2989895480815443
4.723634290422913	-3.3020953444434658
4.727141360090165	-3.304985058951783
4.730944810471238	-3.308111358681207
4.734495121501878	-3.311022439567304
4.737975466536836	-3.3138694628774035
4.741752192285616	-3.316951452897269
4.745275778683962	-3.319819857797806
4.749095745796129	-3.322921899433533
4.752662573557864	-3.3258112168926988
4.756159435323918	-3.328637155757932
4.759952677803791	-3.3316951179737
4.763492780933232	-3.3345419856895226
4.767329264776493	-3.3376195510476565
4.771095782624073	-3.3406332669170746
4.77460916112122	-3.343437549514937
4.778418920332188	-3.3464708930420275
4.781975540192723	-3.349295651771348
4.785462194057576	-3.352058258077753
4.789245228636251	-3.355048336051737
4.792775123864493	-3.3578314350966694
4.796601399806555	-3.3608406999022096
4.8003577097529355	-3.363787348755306
4.803860880348884	-3.3665286556611616
4.807660431658652	-3.3694945161499983
4.811206843617988	-3.372255870760694
4.815049636291144	-3.3752404776250278
4.818822462968619	-3.378163146512012
4.822342150295661	-3.380882941753829
4.826158218336524	-3.383824383011414
4.829721147026954	-3.3865637843658583
4.833214109721703	-3.389242915345713
4.837003453130272	-3.392142132798069
4.840539657188409	-3.394840887967468
4.844372241960366	-3.397758448152458
4.848134860736642	-3.4006152841370194
4.851644340162485	-3.4032732657609803
4.8554502003021485	-3.406148470790901
4.859002921091379	-3.408825642764879
4.862485675884929	-3.411443733266406
4.866264811392298	-3.414277511743867
4.8697908075492355	-3.4169148110268424
4.873613184419994	-3.419766536621918
4.877182421940319	-3.4224226020025696
4.880681693464962	-3.4250202339676075
4.884477345703426	-3.4278307625267392
4.888019858591458	-3.430447180172692
4.89185875219331	-3.4332752374909394
4.895627679799481	-3.4360444173209754
4.899143468055219	-3.438621065024789
4.902955637024777	-3.4414078014669363
4.906514666643903	-3.4440028122830535
4.910003730267348	-3.446540558730786
4.913789174604612	-3.4492868884023693
4.917321479591444	-3.4518430179069717
4.921150165292097	-3.454606493580608
4.924908884997069	-3.4573122682252584
4.928414465351607	-3.4598293971929466
4.932216426419966	-3.462552346018922
4.935765248137893	-3.4650874432376577
4.93961045056964	-3.4678271283210615
4.943385687005706	-3.470509759111641
4.946907784091339	-3.473006087481333
4.950726261890792	-3.47570548394492
4.954291600339813	-3.4782193694446004
4.957786972793152	-3.480677783685747
4.961578725960312	-3.4833377908981302
4.965117339777039	-3.4858137837427443
4.968952334307587	-3.4884901575016376
4.972717362842453	-3.491110633272296
4.976229252026887	-3.4935486194698475
4.980037521925142	-3.496185491518359
4.9835926524729635	-3.498640652971232
4.987077817025104	-3.5010414745112746
4.990859362291064	-3.503639730959981
4.994387768206592	-3.5060577495718976
4.99821255483594	-3.508672010883707
5.001784202114856	-3.5111068107193817
5.00528588339809	-3.5134878873383255
5.009083945395145	-3.5160637620092032
5.012628868041767	-3.5184616428370936
5.01647017140221	-3.521053134723378
5.020241508766971	-3.523590486606419
5.0237597067813	-3.5259513396469293
5.027574285509449	-3.5285043400037277
5.031135724887166	-3.530881605350472
5.0346271982692015	-3.5332062584803454
5.038415052365057	-3.53572163852387
5.04194976711048	-3.5380627272656855
5.045780862569723	-3.5405933758290797
5.0495419920332845	-3.5430710027877335
5.053049982146414	-3.545375809060593
5.056854352973364	-3.54786873606975
5.060405584449881	-3.5501895937488346
5.063886849930716	-3.5524589326561764
5.0676644961253725	-3.5549149960179003
5.0711890029695965	-3.557200409936771
5.075009890527641	-3.5596714010175674
5.078577638735252	-3.561972491232035
5.082075420947183	-3.564222658685546
5.085869583872933	-3.566657013605791
5.089410607448251	-3.568922882112896
5.093248011737389	-3.571371796246881
5.097015450030845	-3.5737693882074866
5.1005297489738695	-3.5759999342849222
5.104340428630715	-3.5784121184431004
5.107897968937126	-3.580657992776385
5.111385543247857	-3.5828540171753187
5.115169498272408	-3.5852303141158406
5.118700313946527	-3.587441691793008
5.122527510334466	-3.589832220000551
5.126284740726724	-3.592172506200326
5.129788831768549	-3.5943492893177917
5.133589303524194	-3.5967038399754587
5.137136635929407	-3.5988956111493615
5.14098034904844	-3.6012640335955752
5.144754096171791	-3.6035828079323546
5.14827470394471	-3.605740212794496
5.15209169243145	-3.6080728933062356
5.155655541567757	-3.6102449248795527
5.1591494247083824	-3.612368749539201
5.162939688562829	-3.614666515421894
5.166476813066843	-3.616804993184614
5.170310318284677	-3.6191163157421324
5.174073857506829	-3.621379049358749
5.177584257378549	-3.6234838804623584
5.181391037964089	-3.625760205299327
5.184944679199197	-3.6278793356713837
5.188428354438623	-3.629951293322075
5.19220841039187	-3.6321934342884785
5.195735326994684	-3.634279717792453
5.199558624311319	-3.6365351078923234
5.203128782277521	-3.6386353455270406
5.2066289742480425	-3.640688974108937
5.210425546932384	-3.6429104059202864
5.2139689802662925	-3.6449780163242504
5.2178087943140214	-3.6472123590671286
5.221578642366069	-3.6493997207187223
5.225095351067684	-3.6514346159885567
5.228908440483119	-3.653634924392016
5.232468390548122	-3.655683458904443
5.235958374617443	-3.65768639743109
5.239744739400585	-3.6598534697077927
5.243277964833294	-3.6618700753122635
5.247107570979824	-3.6640497634634346
5.2508672111306725	-3.666183490807923
5.2543737119310885	-3.668168082218947
5.258176593445325	-3.670314461329466
5.261726335609128	-3.6723123845666206
5.265572458486752	-3.6744710503871065
5.269348615368695	-3.6765843163966205
5.2728716329002046	-3.6785504506229634
5.276691031145535	-3.680676040360547
5.280257290040432	-3.6826551750644927
5.2837535829396485	-3.6845902635811636
5.287546256552686	-3.6866835595231353
5.2910857908152895	-3.688631677532531
5.294921705791714	-3.6907369774949483
5.298687654772458	-3.6927978764384775
5.302200464402769	-3.6947148972575485
5.3060096547469	-3.696787837251932
5.3095657057405985	-3.6987175634418934
5.313051790738616	-3.7006042173774776
5.316834256450453	-3.702645566130432
5.320363582811858	-3.7045449545099856
5.324189289887083	-3.7065980317132508
5.327945030966626	-3.7086076889228403
5.331447632695737	-3.7104766614591442
5.3352466151386695	-3.712498084125766
5.338792458231168	-3.714379474098471
5.342634682037488	-3.7164123144279375
5.346406939848126	-3.718402274164513
5.349926058308332	-3.7202534700496948
5.353741557482358	-3.7222548855246793
5.357303917305952	-3.7241181857070274
5.360796311133864	-3.725939902538783
5.364585085675596	-3.727910645766234
5.368120720866896	-3.7297444970083284
5.371952736772016	-3.731726394271996
5.3757147866814545	-3.7336663703138746
5.379223697240461	-3.7354706991517697
5.383028988513288	-3.737421867220043
5.386581140435681	-3.7392380243250565
5.3900633263623945	-3.7410135328141596
5.393841893002928	-3.7429347107433197
5.397367320293029	-3.7447220775817516
5.4011891282969495	-3.7466541526992723
5.404757796950438	-3.7484530495893025
5.408256499608245	-3.75021180720386
5.412051582979872	-3.752114110830704
5.415593527001067	-3.7538844295586107
5.419431851736082	-3.7557973393481676
5.423200210475415	-3.757669781735386
5.426715429864316	-3.7594114532481098
5.430527029967038	-3.7612945406710656
5.434085490719328	-3.763047477800748
5.437573985475936	-3.764761188815056
5.441358860946364	-3.766615176737128
5.44489059706636	-3.7683401843424127
5.448718713900176	-3.7702045330036897
5.45247686473831	-3.772029334293662
5.455981876226012	-3.7737263455205983
5.459783268427534	-3.7755615462398695
5.463331521278624	-3.7772695653063937
5.467176154843535	-3.7791148444172076
5.470950822412764	-3.780921082006993
5.47447235063156	-3.78260132103624
5.478290259564177	-3.7844176766772097
5.481855029146361	-3.786108638586558
5.485349832732864	-3.7877617687571554
5.489141017033187	-3.7895499073947163
5.492679061983078	-3.7912137922242355
5.496513487646789	-3.7930117750339933
5.500277947314818	-3.794771614489569
5.503789267632415	-3.796408359577109
5.507596968663832	-3.7981780826192666
5.511151530344817	-3.7998253040106738
5.51463612603012	-3.8014355676062825
5.518417102429244	-3.803177723840712
5.521944939477935	-3.804798495343233
5.525769157240447	-3.8065502677399907
5.529340235652526	-3.808181244605644
5.532841348068924	-3.8097757398109704
5.536638841199142	-3.81150015827271
5.540183194978928	-3.813104891330762
5.544023929472534	-3.8148386622338757
5.547794697970458	-3.81653564934286
5.55131232711795	-3.818114079950691
5.555126336979262	-3.819820459537742
5.5586872074901414	-3.821408859785564
5.5621781120053395	-3.822961630686574
5.565965397234359	-3.82464129555017
5.569499543112944	-3.8262040683495013
5.573330069705351	-3.827892868271855
5.577090630302076	-3.829545743311344
5.580598051548369	-3.8310828319414942
5.584401853508482	-3.83274488173858
5.587952516118163	-3.8342917103822796
5.591433212732162	-3.8358037447776914
5.595210290059981	-3.837439707655484
5.598734228037368	-3.838961514063481
5.602554546728575	-3.84060640044919
5.606121726069349	-3.842137692066768
5.6096189394144425	-3.843634644347444
5.6134125334733564	-3.8452536515973996
5.616952988181838	-3.8467601219110286
5.62078982360414	-3.8483878050190032
5.62455669303076	-3.8499808625034495
5.628070423106948	-3.851462458548761
5.631880533896956	-3.85306423205479
5.635437505336531	-3.8545550940118214
5.638924510780425	-3.856012430247654
5.6427078969381395	-3.8575889410223176
5.646238143745421	-3.8590555756812783
5.650064771266523	-3.860640560837666
5.653821432791944	-3.862191740379063
5.657324954966932	-3.863634096524624
5.661124857855741	-3.8651937901873867
5.664671621394118	-3.8666451986779062
5.668514765646314	-3.8682131271015314
5.6722879439028295	-3.8697477007125705
5.675807982808912	-3.8711750345050437
5.679624402428815	-3.8727178834098295
5.683187682698286	-3.8741540270244754
5.686680996972075	-3.875557885004655
5.690470691959684	-3.877076284824798
5.69400724759686	-3.8784889855648887
5.697840183947858	-3.8800154284726456
5.701603154303174	-3.881509314915233
5.705112985308057	-3.8828985250830583
5.708919197026761	-3.884400494667561
5.7124722693950325	-3.8857983109551686
5.7159553757676225	-3.8871646168535547
5.7197348628540325	-3.888642730392368
5.72326121059001	-3.890017674962142
5.727083939039808	-3.891503645149463
5.7306535281391735	-3.892886965747837
5.734153151242857	-3.894239198184549
5.737949155060361	-3.8957015121059446
5.741492019527433	-3.8970621538495136
5.745331264708326	-3.89853210135439
5.749100543893537	-3.8999706987288327
5.752616683728315	-3.901308617262391
5.756429204276913	-3.902754888497979
5.75998858547508	-3.904100988849598
5.763478000677565	-3.9054167551037966
5.76726379659387	-3.906839951122293
5.770796453159742	-3.9081639320397787
5.774625490439435	-3.909594584400717
5.778384561723446	-3.9109946467544034
5.781890493657025	-3.912296465364181
5.785692806304424	-3.9137040237858853
5.789241979601391	-3.9150138351600083
5.793087533612178	-3.9164286344146806
5.796863121627284	-3.9178132615060366
5.800385570291957	-3.919101105540541
5.804204399670451	-3.9204930138768637
5.807770089698512	-3.9217886321517055
5.811265813730892	-3.9230550643719626
5.815057918477092	-3.9244246665837106
5.81859688387286	-3.9256989061027956
5.822432229982447	-3.927075580820094
5.8261976100963535	-3.928422822209742
5.829709850859827	-3.9296756432055755
5.833518472337121	-3.931029996913533
5.837073954463983	-3.9322904121087903
5.840559470595163	-3.9335223578553324
5.844341367440164	-3.9348549625326124
5.847870124934732	-3.9360945350422325
5.851695263143121	-3.9374340485454695
5.855450435355828	-3.938744851152707
5.858952468218103	-3.9399635425332833
5.862750881794198	-3.9412812931627195
5.86629615601986	-3.9425074035035195
5.870137810959343	-3.9438318614357932
5.873909499903144	-3.9451280055658993
5.877428049496513	-3.9463334230665392
5.8812429798037025	-3.947636314317658
5.884804770760459	-3.948848946216138
5.888296595721534	-3.950034198981414
5.89208480139643	-3.9513160795200575
5.895619867720893	-3.9525085793429535
5.899451314759177	-3.95379701185284
5.903212795801779	-3.955057832107195
5.906721137493949	-3.9562301642652624
5.910525859899939	-3.9574975756508697
5.914077442955496	-3.9586769554358137
5.917559060015372	-3.959829636070368
5.921337057789068	-3.9610765697831725
5.924861916212332	-3.9622363301564882
5.928683155349416	-3.963489664802717
5.932251255136068	-3.964656279066407
5.935749388927038	-3.965796564399494
5.9395439034318285	-3.9670296052078093
5.943085278586187	-3.9681767771175607
5.9469230344543655	-3.969416031752684
5.950690824326863	-3.97062873243403
5.954205474848927	-3.9717564290924896
5.958016506084812	-3.9729753826518848
5.9615743979702644	-3.9741097745340497
5.965062323860035	-3.9752184972660554
5.968846630463626	-3.976417677562554
5.972377797716785	-3.977533127621952
5.9762053456837645	-3.978738378476231
5.9799629276550625	-3.979917740615739
5.983467370275927	-3.9810142170438785
5.987268193610613	-3.9821996880853043
5.990815877594867	-3.983302705332281
5.99465994229294	-3.9844940665165605
5.998434040995332	-3.9856599046055976
6.001955000347292	-3.986744126298206
6.005772340413071	-3.987915893399839
6.009336541128419	-3.989006472434097
6.012830775848085	-3.9900723851418105
6.0166213912815705	-3.991225070401311
6.020158867364624	-3.992297372480246
6.023992724161499	-3.99345581210219
6.0277566149626916	-3.9945893736664635
6.031267366413452	-3.995643369458111
6.035074498578033	-3.9967827235145523
6.038628491392181	-3.9978429298820806
6.042112518210648	-3.9988790944683865
6.045892925742935	-3.9999998631769955
6.04942019392479	-4.001042269746803
6.053243842820464	-4.0021686607979285
6.0568143523657065	-4.003217104339822
6.060314895915267	-4.00424184607239
6.064111820178648	-4.005349825235275
6.067655605091597	-4.006380635837045
6.071495770718366	-4.007494070067576
6.075265970349454	-4.008583598357572
6.07878303063011	-4.009596749013418
6.082596471624585	-4.010691770226552
6.086156773268629	-4.011710818378957
6.08964710891699	-4.012706769844837
6.093433825279172	-4.0137838631382525
6.096967402290922	-4.014785743348924
6.100797360016491	-4.01586816663044
6.104557351746379	-4.016927294176312
6.108064204125835	-4.017911980317688
6.111867437219112	-4.018976474933288
6.115417530961955	-4.019966922851618
6.11926400541862	-4.021036586338866
6.1230405138796025	-4.022083289426922
6.126563882990153	-4.023056710598659
6.130383632814524	-4.024108620078044
6.133950243288462	-4.025087638873046
6.1374468877667185	-4.026044479837939
6.141239912958795	-4.027079105404746
6.14477979880044	-4.0280415750256715
6.148616065355904	-4.029081251056108
6.152382365915687	-4.030098557527328
6.155895527125038	-4.031044453975308
6.15970506904821	-4.0320668476316746
6.163261471620948	-4.033018212829728
6.166747908198005	-4.03394797170194
6.170530725488883	-4.034953541624155
6.174060403429328	-4.03588879960425
6.177886462083594	-4.036899304851769
6.181642554742178	-4.037888016881581
6.185145508050329	-4.038807144407725
6.188944842072301	-4.039800827685588
6.19249103674384	-4.040725298549659
6.1963336121292	-4.041723767038498
6.200106221518878	-4.0427007590096595
6.203625691558123	-4.043609259311221
6.20744154231119	-4.044591072805003
6.211004253713823	-4.045504763344543
6.21106056373015	-4.045519181434326
6.211116873746477	-4.045533598804741
6.211229493779129	-4.045562431387599
6.211454733844436	-4.0456200879223
6.211905213975049	-4.0457353664746725
6.212806174236274	-4.045965785567543
6.2128624842526	-4.045980180653169
6.212918794268927	-4.045994575020433
6.213031414301581	-4.0460233616
6.213256654366886	-4.046080926140168
6.213707134497499	-4.046196020751664
6.213763444513825	-4.046210404347258
6.213819754530152	-4.046224787224992
6.2139323745628054	-4.046253550827005
6.214157614628112	-4.046311069418085
6.214213924644438	-4.046325447271673
6.2142702346607654	-4.046339824407653
6.214382854693419	-4.046368576526908
6.214439164709745	-4.046382951510245
6.214495474726071	-4.046397325776099
6.2145517847423974	-4.0464116993245005
6.2146080947587246	-4.04642607215548
