-4.500727822741384	6.080733918130539
-4.5004812155891365	6.083046669277229
-4.498837167907453	6.088357932759765
-4.49719312022577	6.091016013752299
-4.495549072544086	6.092876713360732
-4.493905024862402	6.094310437023747
-4.4922609771807185	6.095470098200644
-4.490616929499035	6.096436329227669
-4.488972881817351	6.097257739225793
-4.487328834135667	6.097966260203706
-4.485684786453984	6.098584168784015
-4.4840407387723005	6.099127713723442
-4.482396691090616	6.099609161196798
-4.480752643408932	6.100038027078732
-4.479108595727249	6.10042185919025
-4.477326506807872	6.100794107214431
-4.475544417888495	6.101126915542561
-4.4737623289691175	6.101425468384986
-4.47198024004974	6.101694068818515
-4.470198151130363	6.101936328788084
-4.468416062210986	6.10215530964571
-4.466633973291609	6.102353628098768
-4.464851884372232	6.102533537431025
-4.463069795452855	6.102696990701241
-4.4612877065334775	6.102845690577426
-4.4595056176141	6.102981129106501
-4.457723528694723	6.103104619797903
-4.455941439775346	6.103217323762863
-4.454159350855969	6.103320271203148
-4.452377261936592	6.103414379222838
-4.450595173017215	6.103500466704571
-4.4488130840978375	6.10357926682113
-4.44703099517846	6.103651437626338
-4.445248906259083	6.103717571073823
-4.443466817339706	6.103778200739699
-4.441684728420329	6.103833808469509
-4.439902639500952	6.103884830126742
-4.4363384616621975	6.103974658091597
-4.43455637274282	6.104014148066864
-4.432774283823443	6.104050426471633
-4.430992194904066	6.104083762755718
-4.429210105984689	6.104114402474259
-4.427428017065312	6.104142569607458
-4.425645928145935	6.1041684686241515
-4.422081750307179	6.104214193473425
-4.420299661387801	6.104234346297953
-4.418517572468424	6.104252887786985
-4.416735483549047	6.104269948893175
-4.41495339462967	6.104285649603007
-4.413171305710293	6.104300099904696
-4.411389216790916	6.104313400663124
-4.407825038952161	6.104336916070959
-4.406042950032784	6.104347293598683
-4.404260861113407	6.104356848583263
-4.40247877219403	6.104365646781406
-4.400696683274653	6.104373748608458
-4.398914594355276	6.104381209585101
-4.3971325054358985	6.104388080744744
-4.393568327597144	6.104400237509166
-4.391786238677767	6.104405605933003
-4.39000414975839	6.10441055077232
-4.388222060839013	6.104415105600966
-4.386439971919636	6.104419301309081
-4.3846578830002585	6.104423166321017
-4.382875794080881	6.104426726795044
-4.379311616242127	6.104433028515497
-4.37752952732275	6.104435812321474
-4.375747438403373	6.104438377004159
-4.373965349483996	6.104440739853642
-4.3721832605646185	6.104442916789577
-4.370401171645241	6.104444922470712
-4.368619082725864	6.104446770395542
-4.36505490488711	6.104450041716469
-4.363305403083526	6.1044514617220065
-4.361555901279943	6.104452772059458
-4.35980639947636	6.104453981210083
-4.3580568976727765	6.104455096997637
-4.356307395869193	6.104456126639573
-4.35455789406561	6.104457076794222
-4.351058890458443	6.104458762736865
-4.349309388654859	6.104459509420493
-4.347559886851276	6.104460198479093
-4.3458103850476935	6.104460834363424
-4.34406088324411	6.1044614211800114
-4.342311381440527	6.10446196271784
-4.340561879636944	6.104462462472962
-4.337062876029777	6.104463349289035
-4.335313374226194	6.104463742073
-4.33356387242261	6.104464104557388
-4.3318143706190275	6.104464439080722
-4.330064868815445	6.104464747800894
-4.328315367011861	6.104465032709133
-4.326565865208278	6.104465295642897
-4.323066861601111	6.104465762238374
-4.321317359797527	6.104465968908607
-4.3195678579939445	6.1044661596408565
-4.317818356190362	6.104466335664672
-4.316068854386778	6.1044664981147
-4.314319352583194	6.1044666480380165
-4.312569850779611	6.104466786400887
-4.309070847172444	6.104467031943274
-4.307321345368861	6.104467140705076
-4.305571843565278	6.104467241081213
-4.303822341761695	6.104467333718417
-4.302072839958111	6.104467419213521
-4.300323338154527	6.104467498117315
-4.298573836350944	6.104467570938098
-4.2950748327437775	6.104467700170799
-4.293325330940194	6.104467757415131
-4.291575829136611	6.104467810246649
-4.289826327333028	6.10446785900561
-4.288076825529444	6.104467904006029
-4.28632732372586	6.104467945537699
-4.284577821922277	6.104467983868067
-4.281078818315111	6.104468051893133
-4.279329316511527	6.104468082025835
-4.277579814707944	6.104468109836062
-4.275830312904361	6.104468135502861
-4.274080811100777	6.104468159191471
-4.2723313092971935	6.104468181054392
-4.270581807493611	6.10446820123236
-4.267082803886444	6.104468237042979
-4.26533330208286	6.10446825290613
-4.263583800279277	6.10446826754682
-4.261834298475694	6.104468281059276
-4.2600847966721105	6.104468293530461
-4.258335294868528	6.104468305040635
-4.256585793064945	6.104468315663869
-4.253086789457778	6.104468334517687
-4.249823588435687	6.104468349574695
-4.246560387413595	6.104468362540172
-4.243297186391503	6.104468373704708
-4.240033985369411	6.104468383318513
-4.2335075833252285	6.104468398725753
-4.226981181281046	6.104468410150555
-4.21392837719268	6.104468424904897
-4.200875573104313	6.104468433018736
-4.174769964927581	6.104468439935711
-4.1486643567508485	6.104468442028731
-4.092035820791192	6.104468442869475
-4.035407284831537	6.104468442932532
-3.982551590233082	6.1044684429372005
-3.929695895634627	6.104468442937618
-3.872422881429981	6.104468442937656
-3.815149867225335	6.104468442937659
-3.7589196407260923	6.10446844293766
-3.70268941422685	6.10446844293766
-3.6502320290888086	6.10446844293766
-3.597774643950767	6.10446844293766
-3.4840252344623024	6.10446844293766
-3.3778215076962397	6.10446844293766
-3.2737033563409845	6.10446844293766
-3.160750565773347	6.10446844293766
-3.0553434579281116	6.10446844293766
-2.941101710870494	6.10446844293766
-2.8289455392236844	6.10446844293766
-2.7243350502992767	6.10446844293766
-2.6108899221624866	6.10446844293766
-2.5049904767480986	6.10446844293766
-2.401176606744518	6.10446844293766
-2.288528097528556	6.10446844293766
-2.1834252710349955	6.10446844293766
-2.069487805329053	6.10446844293766
-1.9630960223455127	6.10446844293766
-1.85878981477278	6.10446844293766
-1.745648967987665	6.10446844293766
-1.6400538039249521	6.10446844293766
-1.5256240006498574	6.10446844293766
-1.41327977278557	6.10446844293766
-1.3084812276436846	6.10446844293766
-1.194848043289417	6.10446844293766
-1.0887605416575517	6.10446844293766
-0.9847586154364936	6.10446844293766
-0.8719220500030535	6.10446844293766
-0.7666311672920153	6.10446844293766
-0.7078630555656724	6.10446844293766
-0.6490949438393296	6.10446844293766
-0.6490947601465015	6.10446844293766
-0.6132813742816792	6.10446844293766
-0.5774679884168568	6.10446844293766
-0.49981636008457603	6.10446844293766
-0.42731057362297914	6.10446844293766
-0.3562270628742928	6.10446844293766
-0.2791186955229704	6.10446844293766
-0.20715617004233186	6.10446844293766
-0.12916878795905723	6.10446844293766
-0.052603681588693156	6.10446844293766
0.018815582910987082	6.10446844293766
0.09625970401330335	6.10446844293766
0.1685579832449358	6.10446844293766
0.2394339867636577	6.10446844293766
0.3163348468850157	6.10446844293766
0.38808986513568977	6.10446844293766
0.4658697399889999	6.10446844293766
0.5422273391293996	6.10446844293766
0.6134390963991153	6.10446844293766
0.6906757102714671	6.10446844293766
0.762766482273135	6.10446844293766
0.840882110877439	6.10446844293766
0.9175754637688325	6.10446844293766
0.9891229747895421	6.10446844293766
1.0666953424128878	6.10446844293766
1.1391218681655497	6.10446844293766
1.2101261182053011	6.10446844293766
1.2871552248476885	6.10446844293766
1.359038489619392	6.10446844293766
1.4369466109937317	6.10446844293766
1.5134324566551607	6.10446844293766
1.584772460445906	6.10446844293766
1.6621373208392871	6.10446844293766
1.7343563393619845	6.10446844293766
1.8051530821717714	6.10446844293766
1.8819746815841945	6.10446844293766
1.9536504391259335	6.10446844293766
2.0313510532703085	6.10446844293766
2.103905825544	6.10446844293766
2.175038322104781	6.10446844293766
2.2521956752681977	6.10446844293766
2.3242071865609306	6.10446844293766
2.4022435544562994	6.10446844293766
2.4788576466387577	6.10446844293766
2.5503258969505325	6.10446844293766
2.627819003864943	6.10446844293766
2.70016626890867	6.10446844293766
2.771091258239486	6.10446844293766
2.8480411041729385	6.10446844293766
2.919845108235707	6.10446844293766
2.959922516882192	6.10446844293766
2.9999999255286767	6.10446844293766
