-1.108662620858144	-2.7124485443861115
-1.1086075656221492	-2.7125722994555064
-1.1085525103861547	-2.712696053117234
-1.1084423999141655	-2.712943556218342
-1.1082221789701872	-2.7134385455357295
-1.10778173708223	-2.714428456667656
-1.1069008533063158	-2.7164080092115377
-1.1051390857544878	-2.7203660377455767
-1.101319169937011	-2.728943042722575
-1.097752393469967	-2.7369456380040718
-1.0942555829986043	-2.7447856473604753
-1.0904623918134213	-2.753283926144466
-1.0869223399786707	-2.761209265977613
-1.0830859074300998	-2.7697918532389796
-1.0793194408772104	-2.7782116127250216
-1.0758061136747534	-2.78605990278762
-1.071996405758476	-2.7945642172711116
-1.0684398371926314	-2.802497816712133
-1.0649532346224682	-2.810270097794073
-1.0611702513384844	-2.8186972346618697
-1.0576404074049333	-2.826555033841738
-1.0538141827575616	-2.83506672741811
-1.0500579241058714	-2.84341687166353
-1.0465548048046138	-2.851199055218727
-1.0427553047895357	-2.8596339816618492
-1.0392089441248902	-2.8675016541658502
-1.0353662027464243	-2.876021139152355
-1.03159342736364	-2.884379768432358
-1.028073791331288	-2.8921724759719365
-1.0242577745851158	-2.900615881472648
-1.020694897189376	-2.9084940490833624
-1.0172019857893175	-2.9162127292630413
-1.0134126936754388	-2.9245810418305145
-1.0098765409119927	-2.932385366467947
-1.006044007434726	-2.940838446941564
-1.002281439953141	-2.9491318261031907
-0.9987720118219883	-2.956862467710207
-0.9949662029770152	-2.96524081423346
-0.9914135334824746	-2.9730570649319232
-0.9879308299836156	-2.9807148983064677
-0.9841517457709361	-2.989019431519369
-0.9806258009086891	-2.9967630428815544
-0.9768034753326217	-3.00515252736168
-0.9732342891069867	-3.0129817119900517
-0.9697350688770333	-3.020653053433238
-0.9659394679332595	-3.0289692933713623
-0.9623970063399182	-3.0367263715661874
-0.9585581640327565	-3.0451275465632666
-0.9547892877212764	-3.0533706798859535
-0.9512735507602287	-3.061055790590743
-0.9474614330853606	-3.069384036026036
-0.9439024547609249	-3.077154843444874
-0.9404134424321708	-3.0847687788592757
-0.9366280493895963	-3.093024928402574
-0.9330957956974544	-3.10072471049812
-0.929267161291492	-3.109065949522457
-0.9255084928812112	-3.11725012660681
-0.9220029638213628	-3.124879008322949
-0.918201054047694	-3.1331484375421446
-0.9146522836244577	-3.140863121484062
-0.9108071324874011	-3.1492176182377882
-0.9070319473460259	-3.1574155854518193
-0.9035099015550833	-3.165059847311828
-0.8996914750503202	-3.1733430395048723
-0.8961261878959896	-3.181073060002342
-0.8926308667373406	-3.1886476186908466
-0.8888391648648711	-3.196860262821206
-0.8853006023428341	-3.204520713524902
-0.8814656591069768	-3.2128185547710544
-0.877700681866801	-3.2209607575217887
-0.8741888439770577	-3.228551747016226
-0.8703806253734939	-3.2367792916969966
-0.8668255461203627	-3.2444561260217726
-0.863340432862913	-3.2519783280342534
-0.8595589388916428	-3.2601362852223086
-0.8560305842708051	-3.2677444546739554
-0.852205848936147	-3.2759877213556914
-0.8486342529519215	-3.283681688944769
-0.8451326229633775	-3.2912214699847633
-0.8413346122610131	-3.299395570563455
-0.8377897409090812	-3.307021268688488
-0.8339484888433288	-3.315280646745723
-0.830177202773258	-3.3233856734862384
-0.8266590560536197	-3.3309431966184166
-0.8228445286201609	-3.3391336301115513
-0.8192831405371347	-3.3467770211392587
-0.81579171844979	-3.3542669834766885
-0.812003915648625	-3.3623891187772896
-0.8084692521978923	-3.369965058454622
-0.8046382080333393	-3.3781725646626426
-0.8008771298644678	-3.3862264841046485
-0.7973691910460288	-3.393735057265265
-0.7935648715137693	-3.4018744667268743
-0.7900136913319424	-3.409468965569616
-0.7865324771457971	-3.4169107492870574
-0.7827548822458313	-3.4249826694015244
-0.779230426696298	-3.4325104795686565
-0.7754095904329443	-3.4406678505650046
-0.7718418935200231	-3.4482815355621943
-0.7683441626027834	-3.4557428892163955
-0.7645500509717232	-3.463833122264339
-0.7610090786910957	-3.471380448611283
-0.7571717256966477	-3.479556093957933
-0.7534043386978813	-3.487579260045702
-0.7498900910495473	-3.495060301424177
-0.7460794626873929	-3.503168986414463
-0.742521973675671	-3.5107359477796876
-0.7390344506596306	-3.518151232336662
-0.7352505469297698	-3.526193512822585
-0.7317197825503415	-3.533694807524479
-0.7278926374570929	-3.5418225655439866
-0.7241354583595258	-3.549798504582176
-0.7206314186123911	-3.5572341985845686
-0.716830998151436	-3.56529571350264
-0.7132837170409134	-3.57281736324145
-0.7094400552165704	-3.580964315020737
-0.7056663593879089	-3.5889598072641586
-0.70214580290968	-3.5964161556921264
-0.6983288657176306	-3.604497180251435
-0.6947650678760138	-3.6120394309507113
-0.6912712360300785	-3.6194309622775243
-0.6874810234703227	-3.627446569177579
-0.6839439502609994	-3.63492408346691
-0.6801104963378557	-3.643025179480555
-0.6763470084103935	-3.6509754226570323
-0.6728366598333639	-3.658388257502058
-0.6690299305425139	-3.666424077887425
-0.6654763406020964	-3.6739228408081863
-0.6619927166573604	-3.6812714528602566
-0.6582127119988039	-3.68924247824642
-0.65468584669068	-3.6966770927668358
-0.6508626006687356	-3.7047336501050543
-0.6472924939972238	-3.7122541387962285
-0.6437923533213934	-3.7196247827383435
-0.6399958319317427	-3.7276168110093417
-0.6364524498925245	-3.735073401436523
-0.6326126871394858	-3.7431509169460644
-0.6288428903821287	-3.7510784620551787
-0.6253262329752041	-3.7584712032509136
-0.621513194854459	-3.7664843146137352
-0.6179532960841465	-3.7739629470805216
-0.6144633633095155	-3.781292259392384
-0.6106770498210641	-3.7892414089790525
-0.6071438756830452	-3.796656679234827
-0.6033143208312058	-3.8046913485827054
-0.599554731975048	-3.8125765765865194
-0.5960482824693227	-3.8199285280884983
-0.592245452249777	-3.8278993488047104
-0.5886957613806638	-3.835337202027811
-0.5848496897977302	-3.8433934964963603
-0.5810735842104782	-3.851300637848307
-0.5775506179736586	-3.8586754001580608
-0.5737312710230186	-3.8666680861068294
-0.570165063422811	-3.8741286946791225
-0.566668821818285	-3.88144075365568
-0.5628761994999386	-3.8893702389232314
-0.5593367165320247	-3.896768203880541
-0.5555008528502904	-3.9047831861783826
-0.5517349551642377	-3.912649504356988
-0.5482221968286174	-3.919984862618258
-0.5444130577791767	-3.9279367432230026
-0.5408570580801685	-3.935357951132505
-0.5373710243768418	-3.942631069543439
-0.5335886099596947	-3.9505202345255515
-0.5300593348929801	-3.9578792576293496
-0.5262336791124451	-3.965853936105755
-0.5224779893275917	-3.973680414363988
-0.5189754388931708	-3.9809772849929717
-0.5151765077449294	-3.988889337108516
-0.5116307159471205	-3.996272055359828
-0.5077885434354912	-4.004269572370749
-0.5040163369195434	-4.012119141985892
-0.5004972697540281	-4.019439900060508
-0.4966818218746924	-4.027374993187215
-0.49311951334578924	-4.034781542448738
-0.48962717081256757	-4.042040679824033
-0.4858384475655255	-4.049913706287609
-0.48230286366891595	-4.057258684115593
-0.478470899058486	-4.065217184345869
-0.47470890044373754	-4.073028167586371
-0.4712000411794216	-4.080311600895
-0.46739480120128524	-4.088208111974319
-0.4638427005735814	-4.0955773286375985
-0.46036056594155905	-4.102799539490911
-0.4565820505957163	-4.110634400357754
-0.4530566746003061	-4.117942439929137
-0.44923491789107545	-4.125862777805499
-0.4456663005322773	-4.133256544578176
-0.4421676491691607	-4.1405035245329405
-0.43837261709222364	-4.148362383466634
-0.4348307243657191	-4.155695134697319
-0.4309924509253942	-4.163639420125603
-0.4272241434807508	-4.171436818634422
-0.42370897538653984	-4.178708576353195
-0.4198974265785085	-4.186591449773551
-0.41633901712090965	-4.193948921595927
-0.41285057365899236	-4.201159985016543
-0.40906574948325464	-4.208981761274217
-0.4055340646579494	-4.21627857933385
-0.40170599911882376	-4.224185778990278
-0.3979478995753797	-4.231946473057253
-0.3944429393823681	-4.239182655915915
-0.39064159847553603	-4.247028817978733
-0.3870933969191365	-4.254350697768023
-0.3832488146489166	-4.262282231775944
-0.3794741983743782	-4.270067468104147
-0.37595272145027225	-4.277328860298544
-0.37213486381234595	-4.2851995118252635
-0.3685701455248521	-4.292546543633424
-0.36507539323303984	-4.2997477267127415
-0.3612842602274071	-4.307557788741201
-0.35774626657220693	-4.3148446475549695
-0.3539118922031863	-4.322740072562872
-0.35014748382984723	-4.330489555853777
-0.3466362148069406	-4.337716256056008
-0.34282856507021364	-4.345551142105882
-0.33927405468391914	-4.352863460206495
-0.33578951029330617	-4.360030266981249
-0.3320085851888728	-4.367804893096993
-0.3284807994348719	-4.37505735090052
-0.3246566329670506	-4.382917326702811
-0.32108560584966184	-4.390255345393717
-0.31758454472795455	-4.39744803485996
-0.3137871028924269	-4.405247881980898
-0.3102428004073317	-4.4125261644531335
-0.3064021172084161	-4.420411308301933
-0.302631400005182	-4.428151033642293
-0.29911382215238047	-4.435369590453056
-0.2952998635857585	-4.443194647931233
-0.291739044369569	-4.450498739688394
-0.28824819114906103	-4.4576578186555444
-0.2844609572147327	-4.465423050470207
-0.2809268626308368	-4.472667693770731
-0.27709638733312053	-4.48051820394052
-0.2733358780310858	-4.488223614228884
-0.26982850807948355	-4.495408816930646
-0.2660247574140609	-4.503199538030145
-0.2624741460990707	-4.510470246527577
-0.2589935007797621	-4.517596245207109
-0.255216474746633	-4.525327426140875
-0.25169258806393646	-4.532538957456735
-0.24787232066741952	-4.540355394650186
-0.24430519262133507	-4.547652373973904
-0.24080803057093214	-4.554804807069989
-0.2370144878067088	-4.562561814899138
-0.23347408439291797	-4.56979972196175
-0.2296373002653067	-4.577641931489278
-0.225870482133377	-4.585339510722507
-0.22235680335187977	-4.5925183500493505
-0.21854674385656211	-4.600301159688557
-0.21498982371167696	-4.607565414096113
-0.21150286956247336	-4.614685407643941
-0.20771953469944934	-4.622409050874258
-0.20418933918685783	-4.629614483124637
-0.2003627629604459	-4.637423301435026
-0.1966061527297155	-4.645087776633422
-0.1931026818494176	-4.652234388920353
-0.18930283025529926	-4.659984065376146
-0.18575611801161343	-4.6672160570054375
-0.1819130250541072	-4.6750508528307275
-0.17813989809228248	-4.6827414621712995
-0.17461991048089026	-4.689914729456362
-0.17080354215567764	-4.697690483399867
-0.16724031318089752	-4.704949070666149
-0.16374705020179892	-4.712063822280824
-0.1599574065088799	-4.719780753806217
-0.1564209021663934	-4.72698084603467
-0.1525880171100865	-4.73478286596415
-0.1488250980494611	-4.74244097042917
-0.1453153183392682	-4.74958256683659
-0.1415091579152549	-4.757325782610781
-0.1379561368416741	-4.764552659763097
-0.13447308176377482	-4.771635960393653
-0.13069364597205513	-4.77932058241636
-0.12716734953076794	-4.786489182411468
-0.12334467237566034	-4.794258858801215
-0.11977513457098524	-4.8015126802768355
-0.11627556276199166	-4.808623065240093
-0.11247961023917769	-4.81633423207378
-0.1089367970667962	-4.82352985639676
-0.1050976031805943	-4.831326020429601
-0.10132837529007394	-4.838978670215631
-0.09781228674998607	-4.846116093802198
-0.09399981749607779	-4.853853760677843
-0.09044048759260201	-4.861076363114402
-0.08695112368480776	-4.868155774888846
-0.08316537906319309	-4.875835143272725
-0.07963277379201092	-4.88299974991515
-0.07580378780700835	-4.89076407745466
-0.0720447678176873	-4.898385137882714
-0.06853888717879875	-4.905491743234492
-0.06473662582608979	-4.913197780690386
-0.06118750382381332	-4.920389519857214
-0.057342001107716443	-4.928180457875415
-0.053566464387301095	-4.935828263563829
-0.05004406701731825	-4.942962073918318
-0.04622528893351499	-4.950694797237406
-0.04265965020014423	-4.957913680112408
-0.039163977462454994	-4.964989740494514
-0.03537192401094535	-4.972664437133086
-0.031833009909868204	-4.979825583612306
-0.027997715094970645	-4.987585138832784
-0.02423238627575462	-4.995201796693946
-0.020720196806971094	-5.002305198706482
-0.016911626624367154	-5.0100067303464915
-0.013356195792195713	-5.017195156568818
-0.0098707309557058	-5.024240986346755
-0.0060888854053954755	-5.031884675488296
-0.0025601792055176503	-5.0390155414291105
0.0012649077081805873	-5.046744044514019
0.0050200286261972964	-5.054329877288982
0.008522010193781506	-5.061403173167451
0.012320372475186128	-5.069073833320466
0.01586559540615825	-5.076232102877419
0.019707199050950787	-5.0839875163140125
0.023478836700061796	-5.091600383256777
0.026997334998740304	-5.098701143037172
0.030812214011239226	-5.106398775959927
0.034373953673305646	-5.113584446551359
0.03786572733969054	-5.120627860358258
0.04165388171989585	-5.128267884944931
0.04518889674966865	-5.135396219344663
0.04902029249326187	-5.143120948799443
0.052781722241173556	-5.150703348722298
0.05629001263865275	-5.157774334759227
0.06009468374995235	-5.165441450604138
0.06364621551081945	-5.17259729371212
0.06712778127600502	-5.179611089629747
0.07090572775501101	-5.1872207582065
0.0744305348835845	-5.194319419548785
0.0782517227259784	-5.202013742108434
0.0818197712179398	-5.209197197379785
0.08531785371421968	-5.216238718810629
0.08911231692431996	-5.223875645812073
0.09265364078398775	-5.231001968917465
0.09649134535747594	-5.238723487389064
0.10025908393528261	-5.246303000113992
0.10377368316265678	-5.253372176569435
0.10758466310385137	-5.261036289586022
0.11114250369461345	-5.268190203010822
0.11463037828969401	-5.275202384082837
0.11841463359859497	-5.282809250610504
0.12194574955706344	-5.289906175058868
0.12577324622935232	-5.297597578488232
0.12953077690595968	-5.305147178252051
0.13303516823213454	-5.312187097751221
0.1368359402721298	-5.319821241783919
0.14038357296169257	-5.326945839226071
0.14422758636507574	-5.334664455671714
0.1480016337727774	-5.342241378620485
0.15152254183004654	-5.349309015064457
0.1553398306011361	-5.356970417119784
0.15890398002179315	-5.364122665456436
0.1623981634467687	-5.371133485902212
0.16618872758556463	-5.378737825906237
0.16972615237392807	-5.38583326279051
0.17355995787611195	-5.3935220169109295
0.17732379738261428	-5.401069272271792
0.1808344975386841	-5.4081078795050725
0.18464157840857434	-5.415739554308688
0.18819551992803207	-5.422862711135691
0.1916794954518083	-5.429844629535873
0.1954598516894049	-5.437419372972384
0.19898706857656903	-5.444485844317696
0.20281066617755358	-5.452144941265712
0.20638112442810563	-5.459295895604248
0.20988161668297614	-5.466305714029577
0.21367848965166708	-5.473907916062961
0.21722222326992552	-5.481002220260714
0.22106233760200436	-5.48868870908004
0.22483248593840166	-5.496233991318864
0.22834949492436646	-5.503271624989166
0.2321628846241517	-5.510901197403819
0.23572313497350442	-5.518023248439176
0.2392134193271756	-5.525004347299084
0.24300008439466722	-5.532577145858578
0.24653361011172634	-5.539642663733031
0.25036351654260586	-5.547299684740785
0.25412345697780386	-5.5548156831417765
0.25763025806256934	-5.561824646122234
0.26143343986115525	-5.5694248691330746
0.2649834823093087	-5.576518181837527
0.2688299054712825	-5.584202558190838
0.27260636263757476	-5.591746012191744
0.27612968045343456	-5.598782800389511
0.2799493789831148	-5.606410409254945
0.2835159381623625	-5.613531477035885
0.28701253134592863	-5.620511871924357
0.2908055052433152	-5.62808285106328
0.29434533979026933	-5.635147525537257
0.2981815550510438	-5.6428025898545
0.30194780431613677	-5.650316910690056
0.30546091423079724	-5.657325167965429
0.30927040485927815	-5.664923574335727
0.3128267561373265	-5.6720160400990425
0.31631314141969336	-5.678968008307272
0.3200959074158806	-5.686509891274951
0.3236255340616354	-5.693546066949655
0.3274515414212106	-5.701171964682307
0.33120758278510426	-5.708657294307069
0.3347104847985654	-5.715637154721244
0.338509767525847	-5.723206498353775
0.34205591090269605	-5.730270494156818
0.34589843499336553	-5.737923780234254
0.3496709930883535	-5.74543659374362
0.35319041183290895	-5.752444297283316
0.3570062112912848	-5.760041051853512
0.36056887139922816	-5.7671328177138
0.36406156551149	-5.77408435354218
0.36785064033757225	-5.781624707350532
0.371386575813222	-5.788660302935104
0.37521889200269215	-5.796284524853408
0.37898124219648077	-5.803768445687596
0.3824904530398369	-5.810747843682401
0.38629604459701344	-5.818315630179105
0.3898484968037575	-5.825379013804274
0.39333098301482	-5.832302336295469
0.39710984993970294	-5.839813815529046
0.40063557751415335	-5.846821120148938
0.4044576858024242	-5.854416390919835
0.40802665474026256	-5.861507607089084
0.4115256576824194	-5.8684588535730215
0.4153210413383966	-5.875997833658975
0.4188632856439413	-5.8830329876336425
0.4227019106633065	-5.89065568397555
0.4264705696869901	-5.898138338874627
0.4299860893602412	-5.905117401190658
0.4337979897473127	-5.912683768262452
0.43735675078395175	-5.919746661735932
0.44084554582490926	-5.926669751747264
0.4446307215796872	-5.934179914799779
0.4481627579840326	-5.941186831008963
0.45199117510219844	-5.9487806297037595
0.45574962622468274	-5.956234552912081
0.45925493799673456	-5.963185461165324
0.46305663048260676	-5.970723014952617
0.4666051836180465	-5.977757671906003
0.4704501174673066	-5.985378782959664
0.4742250853208852	-5.992860108884006
0.4777469138240313	-5.999838770424589
0.4815651230409978	-6.007403647923374
0.4851301929075318	-6.014465979437034
0.4886252967783843	-6.021388762626792
0.49241678136305717	-6.028897529377026
0.49595512659729757	-6.035903976141436
0.49978985254535835	-6.043496215348224
0.5035546124977376	-6.050948833179345
0.5070662330996843	-6.05789936231392
0.5108742344154515	-6.065435445964319
0.5144290963807863	-6.0724695586984865
0.5179139923504394	-6.0793642856238606
0.5216952690339131	-6.086844334803398
0.5252234063669541	-6.093822638091341
0.5290479244138155	-6.1013860726197136
0.5326193031102445	-6.108447879458424
0.536120715810992	-6.1153703885113115
0.5399185092255598	-6.122877795022431
0.5434631632896952	-6.129883799817883
0.5473041980676511	-6.137474509814656
0.5510752668499254	-6.144925847753828
0.5545931962817671	-6.151876015408159
0.5584075064274292	-6.159410648654749
0.5619686772226589	-6.166444229434038
0.565459882022207	-6.17333867379421
0.5692474675355755	-6.1808173496869605
0.5727819136985116	-6.187795198549471
0.5766127405752681	-6.19535708645176
0.5803736014563431	-6.202779763113034
0.5838813229869855	-6.209701843747128
0.5876854252314483	-6.217207723354093
0.5912363881254786	-6.224213124508659
0.5947173850238274	-6.2310795495734315
0.5984947626359967	-6.238529539036979
0.6020190008977334	-6.245479275210873
0.6058396198732906	-6.253012382859634
0.6094070994984152	-6.260045355433399
0.6129046131278584	-6.266939438775084
0.6166985074711219	-6.274416657069166
0.6202392624639529	-6.281393966816096
0.6240763981706043	-6.2889542169973325
0.6278435678815742	-6.296375501604244
0.6313575982421117	-6.303297109941636
0.6351680093164696	-6.3108014158736525
0.6387252810403948	-6.317806163726758
0.6422125867686387	-6.324672182385764
0.6459962732107029	-6.332120661210073
0.6495268203023346	-6.3390698086193815
0.6533537481077867	-6.346601220921893
0.6571107099175573	-6.353993826974477
0.6606145323768954	-6.360887334143667
0.6644147355500539	-6.368362862274464
0.6679617993727799	-6.375339409818767
0.6718052439093263	-6.3828977812312875
0.6755787224501911	-6.390317433056915
0.6790990616406235	-6.397238338528415
0.6829157815448763	-6.404740821574743
0.6864793620986966	-6.411744677419966
0.6899729766568354	-6.418610051980769
0.6937629719287947	-6.42605676316906
0.6972998278503213	-6.433005075979083
0.7011330644856684	-6.4405345272516845
0.7048963351253339	-6.447925418356096
0.708406466414567	-6.4548181459757386
0.7122129784176204	-6.462291764282031
0.7157663510702414	-6.469267338570977
0.7192497577271809	-6.476104591621441
0.7230295450979408	-6.483522492904918
0.7265561931182682	-6.490442579763683
0.730379221852416	-6.4979431154430145
0.7339491112361313	-6.504945957142175
0.737449034624165	-6.511810564330552
0.7412453387260192	-6.519255375257678
0.7447885034774409	-6.526202723808502
0.748628048942683	-6.533730074533904
0.7523976284122436	-6.541119109856262
0.7559140685313717	-6.548010920690682
0.7597268893643201	-6.555482481453957
0.763286570846836	-6.5624569386900085
0.7667762863336705	-6.569293322436866
0.7705623825343253	-6.576709209154126
0.7740953393845477	-6.583628225098077
0.7779246769485905	-6.591126540895984
0.7816840485169517	-6.5984867013339965
0.7851902807348805	-6.605350230171033
0.7889928936666296	-6.612792804543233
0.7925423672479462	-6.619738868908185
0.7963882215430833	-6.627263773310148
0.8001641098425388	-6.634650609355046
0.8036868587915619	-6.6415411769265305
0.8075059884544054	-6.649010327155278
0.8110719787668164	-6.655983331695897
0.8145680030835458	-6.662818513440062
0.8183604081140956	-6.6702320257303285
0.8218996737942129	-6.677149628879311
0.8257353201881507	-6.6846453552216305
0.8295010005864069	-6.692003174580827
0.8330135416342306	-6.698865327998338
0.8368224633958747	-6.706305344783122
0.8403782458070864	-6.713249819239513
0.8438640622226166	-6.720056633927945
0.847646259351967	-6.7274410574318155
0.851175317130885	-6.734330176890346
0.8550007556236234	-6.741796695794827
0.8587562281206803	-6.749125469610111
0.8622585612673047	-6.755959184459902
0.8660572751277495	-6.763370036284791
0.8696028496377619	-6.770285953695354
0.8734448048615946	-6.7777787959906295
0.8772167940897458	-6.7851339811812865
0.8807356439674645	-6.791994479797049
0.8845508745590036	-6.799431637342161
0.8881129658001102	-6.806374234257263
0.8916050910455353	-6.813179425943783
0.8953935970047808	-6.820561015886161
0.8989289636135939	-6.827448288237128
0.9027607109362272	-6.8349117444416425
0.9065224922631792	-6.842237707487668
0.9100311342396985	-6.849069603031582
0.9138361569300383	-6.8564774134637405
0.9173880402699456	-6.863391283465225
0.9208699576141713	-6.870167914435973
0.9246482556722175	-6.87752019663428
0.9281734143798313	-6.884378783739173
0.9319949538012653	-6.891812805202542
0.9355633538722669	-6.8987532601458685
0.9390617879475869	-6.905556566156375
0.9428566027367273	-6.912935039154683
0.9463982781754353	-6.919820193992252
0.9502363343279637	-6.927280295909762
0.9540044244848106	-6.934603158178473
0.957519375291225	-6.941432957962016
0.9613307068114597	-6.948837428779072
0.964888898981262	-6.9557489669964925
0.9683771251553827	-6.96252352531882
0.9721617320433238	-6.969872483965286
0.9756931995808324	-6.976728761022018
0.9795210478321615	-6.984159215738979
0.9832789300878091	-6.991452598451094
0.9867836729930242	-6.998253558061762
0.9905847966120597	-7.005628415727918
0.9941327808806626	-7.0125109815922535
0.997977145863086	-7.019967219567295
1.0017515448498278	-7.0272864766051475
1.005272804486137	-7.034113703736255
1.0090904448362665	-7.0415143191877325
1.0126549458359637	-7.0484230377542465
1.0161494808399794	-7.055195041407535
1.0199403965578153	-7.062540154974972
1.023478172925219	-7.069393628957935
1.0273123300064428	-7.076819983863841
1.0310765210919852	-7.08410952864549
1.0345875728270952	-7.090907698909786
1.0383950052760256	-7.0982784623882615
1.0419492983745233	-7.105157985968573
1.0454336254773395	-7.1119009686420815
1.0492143332939763	-7.1192162622538575
1.0527419017601805	-7.126040576457658
1.0565658509402052	-7.133436969415143
1.0601366607697973	-7.140342519410171
1.0636375046037079	-7.1471116228483496
1.0674347291514388	-7.154452518370321
1.0709788143487373	-7.161302835070146
1.0748192802598562	-7.168724708069752
1.0785897801752935	-7.176010036021321
1.0821071407402985	-7.182805057358079
1.0859208820191237	-7.190171338602812
1.0894814839475164	-7.197047451457315
1.0929721198802278	-7.203787295689821
1.0967591365267595	-7.2110981089416075
1.1002930138228586	-7.217919021478618
1.1041232718327783	-7.225310663770197
1.1078835638470164	-7.23256593729423
1.1113907165108219	-7.239331586027405
1.115194249888448	-7.2466676636673775
1.1187446439156414	-7.253514256616485
1.1222250719471534	-7.260224760973612
1.1260018806924856	-7.267505398957194
1.1295255500873855	-7.274296823641328
1.1333456001961058	-7.281658139063907
1.1369125109543936	-7.288530383312618
1.140409455717	-7.295266636601312
1.1442027811934266	-7.302572480533956
1.1477429673194208	-7.309389528720244
1.1515795341592354	-7.316775920718611
1.1553461350033685	-7.324026218033255
1.158859596497069	-7.330788003599474
1.16266943870459	-7.338118822482859
1.1662261415616784	-7.344961273798771
1.1697128784230852	-7.35166791876626
1.1734959959983127	-7.358943292216461
1.1770259742231075	-7.365730577585368
1.1808523331617227	-7.3730863406951395
1.1846087261046565	-7.380306191923917
1.1881119796971578	-7.387038243321395
1.1919116140034793	-7.394338456976852
1.1954581089593685	-7.401151017130663
1.199300984629078	-7.408531484595122
1.203073894303106	-7.415776139435803
1.2065936646267017	-7.422533433491743
1.2104098156641176	-7.429858314030698
1.213972827351101	-7.436695982374791
1.2174658730424028	-7.443398135246064
1.2212552994475252	-7.450667559540249
1.224791586502215	-7.457450059852081
1.2286242542707253	-7.46479957243957
1.232386956043554	-7.472013460113397
1.2358965184659503	-7.478740721127962
1.2397024616021668	-7.48603466824195
1.243255265387951	-7.4928421396157825
1.2467381031780536	-7.499514287884089
1.2505173216819765	-7.50675280193203
1.254043400835467	-7.513505133030474
1.257865860702778	-7.520823566423193
1.2614351812196565	-7.527655970146765
1.2649345357408535	-7.5343531551072305
1.2687302709758708	-7.541616116510446
1.2722728668604555	-7.548393345723466
1.2761118434588608	-7.555736083362032
1.2798808540615845	-7.562943488705312
1.2833967253138756	-7.569665468807567
1.2872089772799873	-7.576952619886593
1.2907680898956664	-7.583754501514599
1.294257236515664	-7.590421362395052
1.298042763849482	-7.597653062788942
1.3015751518328675	-7.604399796133101
1.3054039205300734	-7.611711096345573
1.3091627232315977	-7.618887260204216
1.3126683865826896	-7.625578769099096
1.3164704306476018	-7.632834501533735
1.3200193353620817	-7.639605737394535
1.323864620790382	-7.64694091934136
1.3276399402230006	-7.654141071307498
1.3311621203051867	-7.660857043938594
1.3349806811011933	-7.668136613225423
1.3385461025467673	-7.674932164175506
1.3420415579966598	-7.681593007107005
1.3458333941603728	-7.688817103392547
1.3493720909736533	-7.695557494003863
1.353207168500754	-7.702860855593704
1.3569722800321735	-7.710029389125506
1.3604842522131604	-7.716714539715991
1.3642926051079676	-7.723962305609098
1.3678478186523424	-7.7307268523412285
1.3713330662010357	-7.7373568985402335
1.3751146944635493	-7.744549210607958
1.3786431833756305	-7.7512586216169295
1.382468053001532	-7.758530011062462
1.386039783277001	-7.765318665938875
1.3895415475567885	-7.771972932846549
1.3933396925503965	-7.779188822478255
1.3968846981935719	-7.785922301008421
1.4007260845505678	-7.7932171096867595
1.4044975049118822	-7.800377405737028
1.408015785922764	-7.807055624622663
1.4118304476474663	-7.8142948050468926
1.4153919700217361	-7.821052077760753
1.4188835264003243	-7.8276751767170865
1.4226714634927329	-7.834858875009393
1.426206261234709	-7.841560994847248
1.4300374396905056	-7.84882341609402
1.4337986521506205	-7.855951536580417
1.4373067252603031	-7.86259841857405
1.441111179083806	-7.869805226588047
1.4446624935568764	-7.876530968616256
1.4481438420342652	-7.8831227548587774
1.4519215712254745	-7.890274098268713
1.4554461610662512	-7.896944710902757
1.4592671316208485	-7.904174577293649
1.4628349628250132	-7.910923888340815
1.4663328280334964	-7.917539361875979
1.4701270739558001	-7.9247137135763
1.4736681805276712	-7.931407850927681
1.4775056678133627	-7.93866055751299
1.4812731891033726	-7.94577929464679
1.4847875710429501	-7.952418169555049
1.488598333696348	-7.959615224371998
1.4921559569993135	-7.966332595631913
1.4956436143065974	-7.972916354735821
1.4994276523277017	-7.980057911146247
1.5029585509983734	-7.986720131299079
1.5067858303828656	-7.993939834047262
1.5105431437716763	-8.001025790198575
1.5140473178100544	-8.007632768770089
1.517847872562253	-8.014796833300123
1.5213952879640191	-8.02148210224168
1.5252390840796057	-8.028724136607666
1.5290129141995108	-8.035832545364334
1.5325336049689833	-8.042462523517514
1.536350676452276	-8.049648863083963
1.5399146085851365	-8.056356957232909
1.5434085747223154	-8.062931796100715
1.5471989215733146	-8.070062599295968
1.5507361290738815	-8.076715517149541
1.5545697172882686	-8.083924072715758
1.5583333395069743	-8.090999233264665
1.5618438223752473	-8.097596880376551
1.565650685957341	-8.104749753503793
1.569204410189002	-8.111425301889
1.5726881684249814	-8.117967832601789
1.5764683073747814	-8.12506518471174
1.5799953069741488	-8.131685578978185
1.5838186872873368	-8.138860461817044
1.5873889282500921	-8.145558578803529
1.590889203217166	-8.152123807073469
1.5946858588980601	-8.159243111763436
1.598229375228522	-8.165886024006342
1.602069272272804	-8.173082673672472
1.6058392033214046	-8.180146289400277
1.6093559950195728	-8.186733898379101
1.6131691674315614	-8.19387481742671
1.6167292004931173	-8.200539925412446
1.620219267558992	-8.20707239078669
1.6240057153386869	-8.214157746178952
1.6275390237679492	-8.220767671094304
1.6313687129110321	-8.227930140519693
1.6351284360584335	-8.234959819337949
1.6386350198554023	-8.241514460829656
1.6424379843661916	-8.248621211256221
1.6459878095265483	-8.255253123824005
1.6498340154007254	-8.262436793327884
1.653610255279221	-8.269487804343402
1.657133355807284	-8.276064377717683
1.6609528370491675	-8.283192264241029
1.6645191789406186	-8.289845916171743
1.6680155548363882	-8.296367315661582
1.671808311445978	-8.303439592057194
1.6753479287051356	-8.310038028844025
1.6791839266781134	-8.317186983721518
1.6829499586554098	-8.324203532309335
1.6864628512822735	-8.330746649329823
1.6902721246229577	-8.337839832053433
1.6938282586132094	-8.34445979022845
1.6973144266077795	-8.350947756100238
1.7010969753161702	-8.357985343011007
1.7046263846741283	-8.36455010805713
1.7084521747459067	-8.371664128385458
1.7122079988220036	-8.3786459996307
1.715710683547668	-8.385155465039048
1.719509748987153	-8.392213724586936
1.7230556750762054	-8.398799789369736
1.7268979818790782	-8.405934275635316
1.7306703226862694	-8.412936752496336
1.7341895241430283	-8.41946745815686
1.7380051063136075	-8.42654611543331
1.7415675491337541	-8.433153216400806
1.7450600259582192	-8.439628737693436
1.7488488834965048	-8.446651748722683
1.7523846016843578	-8.453203621506393
1.7562167005860314	-8.460302604122742
1.7599788334920234	-8.467269844102882
1.763487827047583	-8.473766377761644
1.7672932013169627	-8.480809542251064
1.77084543623591	-8.487382219554066
1.774327705159176	-8.493823592436081
1.7781063547962621	-8.500811125330424
1.781631865082916	-8.507328597320114
1.78545375608339	-8.514391842049498
1.7890225077334319	-8.520985248930772
1.792521293387792	-8.527447500840742
1.7963164597559726	-8.534455045808867
1.7998584867737206	-8.540993186932813
1.8036968945052891	-8.54807622658217
1.8074653362411761	-8.555027941928234
1.8109806386266305	-8.561510701824773
1.8147923217259054	-8.568537862785846
1.8183508654747478	-8.575096295788056
1.8218394432279086	-8.581523859411217
1.8256244016948897	-8.588495335109249
1.8291562208114385	-8.594998525433992
1.8329844206418076	-8.602045225628444
1.836742654476495	-8.608960883912776
1.8402477489607503	-8.615408714109114
1.8440492241588258	-8.622399547052108
1.847597560006469	-8.628922783912195
1.8514422765679324	-8.635988613711875
1.8552170271337143	-8.642923554996935
1.8587386383490636	-8.649391365825883
1.8625566302782335	-8.656401252868653
1.8661214828569708	-8.662944245689491
1.8696163694400265	-8.669356822404575
1.8734076367369028	-8.67631096738332
1.8769457646833465	-8.682798677776047
1.8807802733436105	-8.689827538647068
1.8845448160081932	-8.696725804138389
1.8880562193223434	-8.703158109937547
1.8918640033503138	-8.710131039447258
1.8954186480278519	-8.71663825020547
1.8989033267097084	-8.723015347404514
1.9026843861053853	-8.729932550545573
1.9062123061506298	-8.736384503668003
1.9100366069096946	-8.743376136854211
1.9136077683183268	-8.749902765292974
1.9171089637312775	-8.756299444482716
1.9209065398580487	-8.763235276242268
1.9244509766343874	-8.76970658050307
1.9282917941245465	-8.776716603489797
1.9320626456190242	-8.783596491025731
1.9355803577630692	-8.790012344140159
1.9393944506209349	-8.796966368973727
1.9429554041283679	-8.803456609555203
1.9464463916401193	-8.809817214961505
1.9502337598656911	-8.816715454408094
1.9537679887408306	-8.82315039631266
1.9575985983297903	-8.830122530019137
1.9613592419230685	-8.836964838889815
1.9648667461659144	-8.843344353088142
1.9686706311225806	-8.85026050152491
1.9722213767288141	-8.856714110433485
1.9757021563393662	-8.863038404730066
1.9794793166637388	-8.869898785270498
1.9830033376376788	-8.876297122596265
1.9868237393254393	-8.883231095424788
1.9903910016627673	-8.889703284761598
1.9938882980044137	-8.896046333618143
1.9976819750598807	-8.902924459742861
2.001222512764915	-8.909341307685569
2.0050594311837697	-8.916292773768637
2.008826383606943	-8.923114902468011
2.012340196679684	-8.92947627504818
2.0161503904662457	-8.936371686934473
2.0197074449023744	-8.94280660758964
2.0231945333428216	-8.949112720570337
2.0269780024970894	-8.955952303946619
2.0305083323009248	-8.962331911366062
2.0343350428185802	-8.969244521254137
2.038091787340554	-8.976028122965939
2.0415953925120958	-8.98235228109152
2.045395378397458	-8.98920885179526
2.0489422249323876	-8.995606249038879
2.0527854521811375	-9.002535582189063
2.056558713434206	-9.00933608610339
2.0600788353368418	-9.015677958595823
2.0638953379532983	-9.022551166075406
2.067458701219322	-9.028966017163922
2.070952098489664	-9.035252589008858
2.074741876473827	-9.042069905218339
2.078278515107557	-9.048429400036794
2.082111534455108	-9.055319153453857
2.0858745878069773	-9.0620804195219
2.089384501808414	-9.068384416915265
2.093190796523671	-9.075218060566622
2.0967439518884956	-9.081594716001344
2.1002271412576388	-9.087843444932474
2.104006711340602	-9.09462121834792
2.107533142073133	-9.100942549004072
2.1113559535194844	-9.10779242918792
2.114925625615403	-9.114186152072456
2.11842533171564	-9.12045214011859
2.1222214185296977	-9.12724606480466
2.125764365993323	-9.133584387463205
2.129603694170769	-9.140450142703545
2.133373056352533	-9.147187947228606
2.1368892791838645	-9.153470723344553
2.1407018827290165	-9.160280296691313
2.144261346923736	-9.166635132703233
2.1477508451227743	-9.17286260007534
2.1515367240356325	-9.179616240293003
2.1550694635980583	-9.18591570925835
2.1588985838743047	-9.192740837535382
2.1626577381548695	-9.199438377466704
2.166163753085002	-9.205682330937401
2.1699661487289545	-9.212451296478793
2.1735154050224748	-9.218766972314253
2.1773610420298155	-9.225607137222056
2.1811367130414747	-9.232319910838097
2.184659244702701	-9.238579990052523
2.188478157077748	-9.245363899173674
2.1920439301023626	-9.251695415983754
2.1955397371312957	-9.257900145607655
2.1993319248740493	-9.264628057356363
2.20287097326637	-9.27090416426661
2.2067064023725114	-9.277702920546698
2.210471865482971	-9.284374661819864
2.2139841892429986	-9.290595205090975
2.217792893716846	-9.297337726330428
2.221348458840261	-9.303629357522318
2.224834057967995	-9.309794589539539
2.228616037809549	-9.316481139807514
2.2321448783006703	-9.322717398777801
2.235970099505612	-9.329474433407038
2.2397253547148726	-9.336104837097551
2.2432274705737005	-9.342285567976404
2.247025967146349	-9.348986390780356
2.2505713243685648	-9.355237854651337
2.254413062304601	-9.362008857974319
2.2581848342449558	-9.368653439289542
2.261703466834878	-9.374849291168719
2.2655184801386206	-9.381563986324805
2.2690803540919307	-9.387830271514076
2.272572262049559	-9.393970773554926
2.2763605507210083	-9.40062943482765
2.279895700042025	-9.406840307217443
2.283727230076862	-9.413568776262458
2.287488794116017	-9.420171222011799
2.29099721880474	-9.426326520370452
2.2948020242072835	-9.432998706549565
2.298353690259394	-9.439224070908395
2.3018353903158233	-9.445324063032055
2.305613471086073	-9.45194024659031
2.3091384125058902	-9.4581102411305
2.312959734639528	-9.464795854357853
2.316527917422733	-9.47103560981532
2.3200261342102566	-9.477150216433774
2.3238207317116006	-9.483779732881631
2.3273621898625123	-9.489964035476707
2.331200028727244	-9.496662664942479
2.3349679015962943	-9.503235896903506
2.338482635114912	-9.5093645800162
2.3422937493473506	-9.516006855577515
2.345851724229356	-9.52220491981199
2.3493397331156807	-9.528278261502106
2.3531241227158253	-9.534864474140345
2.3566553729655375	-9.541007131409165
2.3604830039290703	-9.547662066248284
2.3642406688969215	-9.554192025755743
2.36774519451434	-9.560279107325163
2.371546100845579	-9.566877718999788
2.3750938678263855	-9.573033796580326
2.3789380155210123	-9.579700800319932
2.3827121972199574	-9.586243058512437
2.38623323956847	-9.592343471879955
2.3900506626308036	-9.598954050650645
2.3936149463427046	-9.605123134453825
2.397109264058924	-9.611168172339967
2.4008999624889635	-9.61772262828797
2.4044375215685707	-9.623836269111703
2.4082714613619984	-9.630458713393915
2.4120354351597446	-9.636956850162758
2.415546269607058	-9.643014873822061
2.419353484768192	-9.649580926850918
2.4229075605788934	-9.65570722311365
2.4263916703939135	-9.661709924463857
2.430172160922754	-9.668219894858888
2.4336995121011618	-9.674290800762222
2.43752324399339	-9.680868350407016
2.441093836535186	-9.687007197994511
2.4445944630813004	-9.693022695943787
2.448391470341235	-9.699544064031922
2.451935338250737	-9.705627434243072
2.4557755868740596	-9.712216038420372
2.4595458695017007	-9.718681022447937
2.4630630127789095	-9.72470873565159
2.4668765367699383	-9.731240881691889
2.470436921410535	-9.737336125985092
2.47392734005545	-9.743308488194037
2.4777141394141853	-9.749784496393966
2.481247799422488	-9.755824319748141
2.485077840144611	-9.762367142007074
2.488837914871053	-9.768786807416406
2.492344850247062	-9.77477102815051
2.4961481663368916	-9.78125743301995
2.4996983430762887	-9.787308768968058
2.5035449005295063	-9.793861630752092
2.5073214919870424	-9.800291588006441
2.510844944094146	-9.806287229141036
2.51466477691507	-9.812783567258315
2.5182314703855613	-9.81884597143003
2.521728197860371	-9.824786235330185
2.5255213060490016	-9.831226382183987
2.5290612748871992	-9.837233337306976
2.5328976244392174	-9.843739505971952
2.536664007995554	-9.850123250443174
2.5401772522014583	-9.856074569382233
2.543986877121183	-9.86252425913107
2.547543362690475	-9.868541912342854
2.5510298822640856	-9.874437919259911
2.5548127825515166	-9.880831469458922
2.558342543488515	-9.88679373837882
2.562168685139334	-9.893252870044586
2.565924860794471	-9.899590067201812
2.569427897099176	-9.90549676272073
2.5732273141177013	-9.911899464364712
2.5767735917857943	-9.91787206020992
2.5806162501677075	-9.92433997008784
2.584388942553939	-9.930686212265304
2.5879084955897382	-9.936603141352757
2.591724429339358	-9.943014513349908
2.595287223738545	-9.948996974741643
2.5987800521420503	-9.954858573308938
2.6025692612593763	-9.961213759436133
2.60610533102627	-9.967140816254375
2.6099377815069835	-9.973560757248048
2.613700265992016	-9.979859537908007
2.617209611126616	-9.985730995657391
2.621015336975036	-9.99209445237137
2.624567923473024	-9.9980309956314
2.6280505439753306	-10.003847197376958
2.631829545191457	-10.010154529047679
2.635355407057151	-10.016035741871681
2.639177649636666	-10.022407369954426
2.642746752865748	-10.028353295345529
2.646245890099148	-10.034179162903609
2.650041408046369	-10.040494562281879
2.6535837866431575	-10.046385066633563
2.6574225459537666	-10.052764376355375
2.661191339268694	-10.059023321397918
2.664706993233189	-10.064858204897211
2.668519027911504	-10.071180979712285
2.672077923239387	-10.077080116227732
2.6755668525715883	-10.082859734455367
2.67935216261761	-10.08912634671005
2.682884333313199	-10.094970141850403
2.6867128847226085	-10.101300193153836
2.6904714701363366	-10.10751041499975
2.6939769161996323	-10.1132986671341
2.697778742976748	-10.119572247154505
2.7013274304034316	-10.12542428779831
2.7051724985439356	-10.131760906378998
2.708947600688758	-10.137977987314391
2.7124695634831477	-10.14377439003138
2.716287906991358	-10.15005442726502
2.7198531111491357	-10.155914223614698
2.723348349311232	-10.161655356890508
2.727139968187149	-10.167879198642954
2.730678447712633	-10.173683647838489
2.7345133079519375	-10.179970044038706
2.7382782021955605	-10.186137456526705
2.741789957088751	-10.191886351721182
2.745598092695762	-10.198116236153538
2.7491530889523403	-10.203928047814617
2.752638119213237	-10.209621764709912
2.7564195301879546	-10.215795530883156
2.759947801812239	-10.221552086297097
2.7637724541503443	-10.227787918045289
2.767343967138017	-10.233606990589168
2.7708455141300083	-10.23930827773752
2.77464344183582	-10.24548788628769
2.778188230191199	-10.251251611329803
2.7820293992603986	-10.257492872579952
2.7858006023339166	-10.263616018336771
2.789318666057002	-10.269324183929461
2.793133110493908	-10.275508898352623
2.7966944155803812	-10.281279091436968
2.800185754671173	-10.286932086579126
2.8039734744757854	-10.293060661619277
2.8075080549299654	-10.29877560484364
2.8113390160979654	-10.304965331234675
2.815100011270284	-10.311037525308373
2.81860786709217	-10.316697005128992
2.822412103627877	-10.3228302663935
2.8259632008131508	-10.32855127947846
2.829444332002743	-10.334155692293235
2.833221843906156	-10.340232903716569
2.8367462164591366	-10.345898770256603
2.8405669697259377	-10.35203662721573
2.844134583642306	-10.357763612563327
2.8476322315629927	-10.363374323079022
2.8514262601975	-10.369456025953413
2.854967149481575	-10.375127774501538
2.85880441947947	-10.38126969476394
2.8625717234816834	-10.387294996382304
2.8660858881334645	-10.392911289699578
2.869896433499066	-10.398996723195019
2.873453839514235	-10.404673628966608
2.876941279533723	-10.410234877147555
2.8807251002670307	-10.416264253520577
2.884255781649906	-10.42188603332028
2.888082843746602	-10.427975109190832
2.8918399398476167	-10.433948179468647
2.8953438965981984	-10.439514613446441
2.8991442340626006	-10.445547297710661
2.9026914321765704	-10.45117383351795
2.9065350110043604	-10.45726577480378
2.910308623836469	-10.463242045137692
2.913829097318145	-10.46881314190315
2.9176459515136415	-10.474848582510393
2.9212096663587057	-10.480479344838779
2.9247034152080884	-10.485995426692371
2.928493544771291	-10.49197481098206
2.9320305349840616	-10.497550476370854
2.9358639059106526	-10.503588587924103
2.939627310841562	-10.509511661578497
2.9431375764220387	-10.515032005521464
2.946944222716336	-10.521013719774901
2.9504977296602006	-10.52659320690148
2.953981270608384	-10.532058661196146
2.9577611922703877	-10.537984430644302
2.9612879745819587	-10.543508946157973
2.9651111376073502	-10.549492909219746
2.9686811612823094	-10.555076128369258
2.972181218961587	-10.560545667465927
2.975977657354685	-10.566473583399159
2.97952095639735	-10.572001743036306
2.983360636153836	-10.577987399183646
2.9871303499146404	-10.583859008539136
2.9906469243250124	-10.589331879698372
2.9944598794492046	-10.595261141589987
2.9980196952229643	-10.60079218261313
3.0015095450010425	-10.606210211397148
3.0052957754929412	-10.612083546532046
3.008828866634407	-10.617559662229459
3.0126583384896937	-10.623490192684676
3.0164178443492986	-10.629307340166749
3.019924210858471	-10.634728300487863
3.023726958081464	-10.640602555840877
3.027276565954024	-10.646081148595236
3.031122554540405	-10.65201213189322
3.0348985771311043	-10.657830094835091
3.0384214603713713	-10.663253442436531
3.0422407243254583	-10.669128044775167
3.045806848929113	-10.674608563975855
3.049303007537086	-10.679977127122124
3.05309554685888	-10.685795831311134
3.0566349468302407	-10.691221482252038
3.060470727515422	-10.69709635858453
3.064236542204922	-10.702858898936345
3.0677492175439895	-10.70822944742613
3.0715582735968776	-10.714048071698825
3.075114190299333	-10.719475243523977
3.0786001410061066	-10.724791158094416
3.082382472426701	-10.730554021435903
3.0859116644968627	-10.735926475821815
3.0897372372808447	-10.741744952350524
3.093492844069145	-10.747451787889034
3.0969953115070132	-10.752769289803902
3.100794159658702	-10.758531650690395
3.104339868459958	-10.763905224487578
3.1081819579750345	-10.769722717711243
3.1119540814944293	-10.775428949775456
3.1154730656633918	-10.780747485175194
3.1192884305461748	-10.786508760744573
3.122850656078525	-10.791882893885399
3.1263429156151936	-10.79714687423554
3.130131555865683	-10.802852438827214
3.1336670567657396	-10.808171932784541
3.1374989383796166	-10.813932060625534
3.1412608539978124	-10.819581643006137
3.1447696302655754	-10.824846259004577
3.148574787247159	-10.830550316289324
3.15212680487831	-10.835869968489707
3.15560885651378	-10.841080197722713
3.1593872888630696	-10.846728699466077
3.162912581861927	-10.85199388119929
3.166734255574605	-10.857696374493766
3.17030278993685	-10.863016116715665
3.1738013583034137	-10.868226833756133
3.177596307383798	-10.873873677936816
3.1811381171137496	-10.879138870877934
3.184976307557522	-10.88483921722177
3.1887445320056127	-10.89043013699952
3.1922596171032707	-10.895640538420228
3.196071082914749	-10.901284871687043
3.1996294093757953	-10.906549262515778
3.20311776984116	-10.911705378514132
3.2069025110203446	-10.91729422936482
3.210434112849097	-10.922504250713757
3.21426209539167	-10.92814602281268
3.218020111938561	-10.93367911525112
3.22152498913502	-10.938834524481251
3.2253262470452992	-10.944420450148163
3.228874365605146	-10.949629275378328
3.232718864878813	-10.955267620095157
3.236493398156799	-10.960797693655644
3.240014792084352	-10.965951828236689
3.2438325667257253	-10.971534232030693
3.2473972020166664	-10.976741287363021
3.250891871311926	-10.98184125247297
3.254682921321006	-10.987368261837318
3.2582208319796533	-10.992521063457156
3.262055123352121	-10.998099902285881
3.2658194487289074	-11.003571237661474
3.2693306347552613	-11.008669539919888
3.2731382014954353	-11.01419261671068
3.276692628885177	-11.01934325763439
3.280177090279237	-11.02438758950455
3.2839579323871178	-11.029855459046521
3.2874856351445656	-11.034952046029176
3.291309718615834	-11.04047115382457
3.29488066273667	-11.045619583957954
3.2983816408618245	-11.050662130957287
3.3021789997007995	-11.056125946480819
3.3057232191893418	-11.061220252383686
3.3095638193917045	-11.066734797345669
3.3133344535983857	-11.072143037834659
3.3168519484546346	-11.077182971174937
3.3206658240247036	-11.082641853219418
3.32422656024434	-11.087733039600188
3.327717330468295	-11.092719144378469
3.331504481406071	-11.098122934076622
3.335038492993414	-11.103160208442613
3.3388688852945774	-11.108614128783959
3.342629311600059	-11.11396254321129
3.3461365985551086	-11.118945657330578
3.3499402662239786	-11.124344115461101
3.3534907945424157	-11.129377891188854
3.3569713568651713	-11.13430739671489
3.3607482999017475	-11.139650971359238
3.3642721035878913	-11.144631055889867
3.3680922879878556	-11.150024161432935
3.371659333037387	-11.155054402350356
3.375156412091237	-11.159980815563706
3.3789498718589077	-11.165318959750932
3.382490192276146	-11.170295446185175
3.386326893407204	-11.175682603115359
3.390093628542581	-11.180965500411466
3.3936072243275253	-11.18588798198791
3.39741720082629	-11.191219805573736
3.4009740379746223	-11.196191845162664
3.4044609091272733	-11.201060888466383
3.4082441609937444	-11.206337973118886
3.411774273509783	-11.211256492225933
3.4156007667396424	-11.216581983442628
3.41935729397382	-11.221804043825188
3.422860681857565	-11.22666879250365
3.4266604504551306	-11.23193917411639
3.4302070797022637	-11.236852881791444
3.434050089663217	-11.242171140865262
3.4378231336284886	-11.247386422939645
3.441343038243328	-11.252246299707286
3.4451593235719877	-11.257509373494303
3.448722469550215	-11.262417687311462
3.452215649532761	-11.26722431470819
3.456005210229127	-11.272432813328566
3.459541631575061	-11.27728779616097
3.463374433634815	-11.28254356036622
3.467137269698888	-11.287697196495175
3.4706469664125277	-11.292498596821076
3.474453043839988	-11.297699414024995
3.478005981917016	-11.302548646577279
3.4814889539983627	-11.307297053263108
3.4852683067935297	-11.312443541409982
3.488794520238264	-11.317239699826906
3.4926171143968188	-11.322432841915582
3.496186569204941	-11.327276312833712
3.499686058017382	-11.33201942733325
3.503481927543643	-11.337158175556185
3.5070246577194717	-11.341948521732968
3.510863768609121	-11.3471333919795
3.5146329135030885	-11.352217457449443
3.5181489190466237	-11.356954426172408
3.521961305303979	-11.362084530190918
3.525520552210902	-11.366868201581914
3.5290098331221436	-11.371552396344669
3.5327954947472056	-11.376628367452195
3.5363280170218347	-11.381359185286458
3.5401569200102845	-11.38648066238218
3.5439158570030527	-11.391502212510698
3.5474216546453885	-11.396179925064972
3.5512238330015444	-11.401246899118185
3.554772872007268	-11.40597070504707
3.558618291726812	-11.411082643692586
3.5623937454506747	-11.41609513637468
3.565916059824105	-11.420765790898246
3.569734754911355	-11.425823165961523
3.573300310648173	-11.430539379630078
3.5767959003893095	-11.435157500774986
3.5805878708442664	-11.440160960848633
3.5841267019487906	-11.444824562651407
3.5879619137671352	-11.449872367724897
3.5917271595897984	-11.454821623862111
3.595239266062029	-11.459432361504767
3.5990477532480805	-11.46442588195965
3.602603101083699	-11.469081565715904
3.606088482923636	-11.473640064042165
3.6098702454773934	-11.478579955765307
3.6133988686807186	-11.483183323101088
3.617223872597864	-11.48816694173089
3.6207957371645767	-11.492814724881184
3.624297635735608	-11.497365817574785
3.62809591502046	-11.502295758481994
3.6316410549548794	-11.506891189808297
3.635482575603119	-11.511864316094977
3.639254130255677	-11.516740289905762
3.642772545557803	-11.521283116948716
3.646587341573749	-11.526202197048361
3.6501489982392625	-11.530788823997186
3.6536406889090944	-11.535279685621802
3.657428760292747	-11.540145390162664
3.660963692325967	-11.544679975999482
3.664795005073007	-11.54958824566641
3.668556351824366	-11.554400286736927
3.672064559225292	-11.55888258056857
3.675869147340039	-11.563737109364764
3.6794205961043533	-11.568262588982353
3.6829020788729863	-11.572693236044294
3.6866799423554393	-11.57749470142837
3.69020466648746	-11.581968460111995
3.694025771333301	-11.586811872657423
3.6975937368287095	-11.591328283419488
3.7010917363284364	-11.595750370686952
3.7048861165419837	-11.600540682182567
3.7084273574050988	-11.6050053474425
3.7122649789820343	-11.609837061874284
3.7160326345632884	-11.614573984694491
3.7195471507941096	-11.618986654034412
3.7233580477387513	-11.623764904305323
3.7269158053329607	-11.628219610094233
3.7304035969314886	-11.632580942192096
3.7341877692438366	-11.637306419897072
3.737718802205752	-11.641709715986858
3.7415462158814883	-11.646475977920542
3.745303663561543	-11.651148397281682
3.748807971891165	-11.655500035163199
3.7526086609346074	-11.660213165106358
3.7561562106276174	-11.66460622636421
3.760000141034448	-11.669359589632165
3.763774105445597	-11.674019630908697
3.767294930506313	-11.678361016523843
3.7711121362808497	-11.683061217780455
3.774676202704954	-11.687443482796958
3.778170303133377	-11.691733864592624
3.78196078427562	-11.696381609257863
3.7854981260674307	-11.700712799912603
3.789331848573062	-11.705400159385084
3.7930956050830114	-11.70999516269525
3.7966062222425285	-11.714275031607876
3.800413220115866	-11.718909578321114
3.8039670786387707	-11.723229713452218
3.807450971165994	-11.727458937982888
3.811231244407038	-11.732041383318021
3.814758378297649	-11.736310805281555
3.8185818929020807	-11.740932250495849
3.82215226815608	-11.745241401521717
3.8256526774143977	-11.749460172869666
3.829449467386536	-11.754029498723417
3.8329931180082415	-11.75828793068477
3.8368331493437675	-11.762895710023708
3.840603214683612	-11.767412633224158
3.844120140673024	-11.771620100276538
3.8479334473762563	-11.776175407988505
3.851493614729056	-11.780421991707149
3.8549838160861745	-11.784579183532394
3.8587703981571133	-11.789082743959845
3.86230384087762	-11.793278985846555
3.8661336643119464	-11.797820386454838
3.8698935217505914	-11.802271918775507
3.873400239838804	-11.806417575444865
3.8772033386408373	-11.810906881036141
3.8807532980924377	-11.815091045789185
3.8845996382578587	-11.819617640398706
3.888376012427598	-11.824054908905037
3.891899247246905	-11.828188491212742
3.8957188627800328	-11.83266298240576
3.8992853389627276	-11.836834528269211
3.902781849149741	-11.840918229708029
3.9065747400505746	-11.845341354339963
3.910114491600976	-11.849462955105087
3.9139506238651975	-11.853922758028046
3.9177167901337375	-11.858294237469977
3.921229817051845	-11.862365651931187
3.9250392246837733	-11.866773745481352
3.9285954929652687	-11.870882517120906
3.9320817952510825	-11.874904451363523
3.935864478250717	-11.879261577282053
3.939394021899919	-11.883320806418874
3.9432199462629414	-11.887714004752151
3.9469759046302824	-11.892019887229907
3.9504787236471905	-11.896029335421913
3.9542779233779193	-11.900371228297923
3.9578239837582156	-11.904417431833682
3.961666424852332	-11.90879484915859
3.965438899950767	-11.913085503849782
3.9689582356987696	-11.917081942624652
3.9727739521605927	-11.921408060484234
3.9763365292719834	-11.925440713014805
3.9798291403876926	-11.92938810403538
3.983618132217222	-11.933663675661668
3.987153984696319	-11.93764722076795
3.9909862178892364	-11.94195771495656
3.9947484850864723	-11.946182467414593
3.9982576129332754	-11.950116669436067
4.002063121493899	-11.954376285414375
4.0056154907040895	-11.958346102934762
4.009097893918598	-11.962231682634584
4.012876677846928	-11.966441177732069
4.016402322424826	-11.970362315286867
4.020224347716543	-11.974606136620373
4.023793233657829	-11.978562357729897
4.027292153603432	-11.982434899951151
4.031087454262856	-11.98662861806946
4.0346296155718475	-11.990536186928685
4.038468157594659	-11.99476369248379
4.042236733621789	-11.99890703774154
4.045752170298487	-12.002765721837697
4.049563987689005	-12.006942798606596
4.053122665729091	-12.01083597242636
4.0566113777734945	-12.014646502331994
4.060396470531719	-12.018773917966104
4.063928423939512	-12.022618882762432
4.067756758061124	-12.026779494826695
4.071515126187055	-12.030856983035378
4.075020354962554	-12.034653509521583
4.078821964451873	-12.038764140538378
4.082370434590759	-12.042594568598211
4.0862152854434655	-12.046737855643721
4.08999017030049	-12.050798588150563
4.093511915807083	-12.054580616299088
4.0973300420274965	-12.058673952192628
4.100895028897477	-12.062489347406334
4.1043900497717765	-12.066223715402458
4.108181451359896	-12.070267877462017
4.111719713597584	-12.074035560655457
4.115554356549091	-12.078111793963535
4.119319033504917	-12.082106519837025
4.122830571110311	-12.08582626544185
4.126638489429524	-12.089853012274029
4.130193268398306	-12.093605542549344
4.133678081371405	-12.097278092781691
4.137459275058325	-12.10125613318947
4.140987329394813	-12.104961418353087
4.144811764445121	-12.108970951874964
4.148383060144997	-12.112708498459106
4.151884389849192	-12.116366636804244
4.155682100267207	-12.120327504810637
4.159226671334789	-12.124017855779508
4.163067623116191	-12.128009688386308
4.166838608901912	-12.13192163283308
4.170356455337201	-12.135564566659284
4.174170682486309	-12.139507428853284
4.177731770284986	-12.14318204823881
4.18122289208798	-12.146778315062543
4.185010394604796	-12.150672995233437
4.1885447577711785	-12.154300900983593
4.192375501651382	-12.158225975049293
4.196136279535904	-12.162072218959867
4.199643918069993	-12.165653193156535
4.203447937317903	-12.169529786484185
4.20699881721538	-12.173141877069753
4.210479731117176	-12.176676671421891
4.214257025732792	-12.180505574200996
4.217781180997975	-12.184071440458327
4.221601716976979	-12.187930173629292
4.22516911360555	-12.191526641348743
4.22866654423844	-12.19504638964588
4.23246035558515	-12.198857487583052
4.236001027581428	-12.202407793910503
4.239838080291526	-12.206248203040442
4.243605167005943	-12.21001141634502
4.247119114369927	-12.213515347861755
4.250929442447732	-12.217307831442142
4.254486631175104	-12.220841802928625
4.257973853906795	-12.224300117961901
4.261757457352306	-12.228045473145801
4.265287921447384	-12.231533786886422
4.2691147662562825	-12.2353078983162
4.2728716450694995	-12.239005879721292
4.276375384532284	-12.242448326077463
4.28017550470889	-12.24617502518311
4.283722485535062	-12.249646957215026
4.287565847075055	-12.25340189477762
4.291339242619367	-12.257081288131905
4.2948594988132465	-12.260507427673401
4.298676135720946	-12.264215022232797
4.302239633278213	-12.267670134542527
4.305733164839799	-12.271051245760802
4.309523077115204	-12.274712300613983
4.313059850040178	-12.278122346656279
4.316893003678971	-12.28181109435144
4.320656191322083	-12.28542536946687
4.324166239614763	-12.288790144543796
4.327972668621263	-12.292432077626264
4.331525958277331	-12.295825279972334
4.335009281937718	-12.299145548337576
4.338788986311925	-12.302741470344474
4.342315551335699	-12.306090130184941
4.3461384970732935	-12.309713207424416
4.349708303460456	-12.313089795063975
4.353208143851936	-12.31639403142312
4.357004364957237	-12.319971176025131
4.360547446712105	-12.323303305600417
4.364386909180793	-12.326907103308402
4.368156405653801	-12.330438080858404
4.371672762776376	-12.333725552839008
4.375485500612771	-12.337283152324991
4.379045099098734	-12.340598016007075
4.382534731589016	-12.343841599063238
4.386320744793117	-12.347353808508558
4.389853618646787	-12.350624750829127
4.393682873214276	-12.35416308600682
4.397442161786084	-12.357629675295387
4.400948311007459	-12.360856500727825
4.404750840942655	-12.364349186908235
4.408300231527418	-12.367602875866408
4.4121460028260024	-12.371121188761506
4.415921808128905	-12.374568346420197
4.4194444740813745	-12.377778015284354
4.423263520747665	-12.381250772253468
4.426829428063523	-12.384486809783029
4.4303253693836995	-12.387653230793651
4.434117691417696	-12.391081243770824
4.43765687410126	-12.39427400442404
4.441492437498645	-12.397727127642245
4.445258034900347	-12.401110172535377
4.448770492951618	-12.404259466296486
4.452579331716708	-12.407667596333987
4.4561350311313666	-12.410842740927094
4.459620764550343	-12.413949338581931
4.463402878683141	-12.417313285989488
4.466931853465505	-12.420445707541282
4.4707572089616905	-12.423834257316926
4.474512598462194	-12.427153802397426
4.478014848612266	-12.430243314961915
4.481813479476157	-12.433587439570132
4.4853589709896164	-12.436702293366043
4.489200843216896	-12.440070535293048
4.4929727494484935	-12.443370362913582
4.496491516329659	-12.446442417161762
4.500306663924644	-12.449766340752982
4.503868672169197	-12.452863254857899
4.507360714418069	-12.455893282446361
4.5111491373807615	-12.459173700457916
4.514684420993021	-12.462228564369537
4.518516085319101	-12.46553260346142
4.5222777836495	-12.468769302508349
4.525786342629466	-12.471781936025486
4.529591282323253	-12.475042237023352
4.533143082666607	-12.478079231872506
4.536624917014279	-12.4810504054607
4.540403132075772	-12.484267778716932
4.543928207786832	-12.487263292111153
4.547749664211713	-12.490503799030265
4.551317981286161	-12.493523207348222
4.554816332364927	-12.496477376026865
4.558611064157515	-12.499675068451339
4.56215265659967	-12.502653111900262
4.565990629755645	-12.505873471399036
4.569758636915939	-12.509028142401322
4.5732735047258	-12.511964646641282
4.577084753249482	-12.515141969264022
4.580642862422731	-12.518101881371459
4.584131005600298	-12.52099761750448
4.587915529491686	-12.524132714263372
4.591446914032641	-12.52705184007615
4.595274679287417	-12.53020912867023
4.599032478546512	-12.533301797127573
4.602537138455173	-12.536179966427273
4.606338179077656	-12.53929481337363
4.609886080349706	-12.542195912106822
4.613730362335576	-12.545332489673344
4.617504678325765	-12.548405034711934
4.621025854965521	-12.551265305734916
4.624843412319097	-12.554359569605925
4.628407830322241	-12.557242311726942
4.631902282329704	-12.560062525885437
4.635693115050986	-12.563115286792117
4.6392308084218365	-12.565957957193167
4.643064882506508	-12.56903198611
4.646828990595497	-12.572043048291954
4.650339959334054	-12.57484548278781
4.654147308786431	-12.577877803238854
4.657701518888376	-12.580702242478223
4.66118576299464	-12.58346520796942
4.664966387814723	-12.586456626675439
4.668493873284374	-12.589241583907869
4.672317739467846	-12.59225381707369
4.675888466300885	-12.595060336282973
4.679389227138242	-12.597805957270175
4.6831863686894195	-12.600777421133149
4.686730370890165	-12.603544592516386
4.690570753804731	-12.60653642929095
4.694341170723615	-12.609466934838037
4.697858448292067	-12.612194600291726
4.701672106574339	-12.615145472540311
4.705232625506179	-12.617894245950206
4.708723178442337	-12.620583170685759
4.712510112092316	-12.623493883336705
4.716043906391862	-12.626203906239315
4.719874081405228	-12.629134551196506
4.723634290422913	-12.632004919710017
4.727141360090165	-12.634676038074147
4.730944810471238	-12.63756633458759
4.734495121501878	-12.640258115691466
4.737975466536836	-12.642891089878473
4.741752192285616	-12.645741837910327
4.745275778683962	-12.64839546677295
4.749095745796129	-12.651265715570151
4.752662573557864	-12.653939580491304
4.756159435323918	-12.656555207158062
4.759952677803791	-12.659386050069154
4.763492780933232	-12.662021906153866
4.767329264776493	-12.664871825131902
4.771095782624073	-12.667663084417335
4.77460916112122	-12.670260783737245
4.778418920332188	-12.67307111816047
4.781975540192723	-12.67568862095707
4.785462194057576	-12.678248920791598
4.789245228636251	-12.681020467360415
4.792775123864493	-12.68360056568491
4.796601399806555	-12.68639076995638
4.8003577097529355	-12.689123355324792
4.803860880348884	-12.691665905227886
4.807660431658652	-12.694417149116026
4.811206843617988	-12.69697907869769
4.815049636291144	-12.699748562575845
4.818822462968619	-12.702461000102469
4.822342150295661	-12.70498553596427
4.826158218336524	-12.707716215859739
4.829721147026954	-12.710259715270135
4.833214109721703	-12.712747610746632
4.837003453130272	-12.715440279188671
4.840539657188409	-12.717947136244595
4.844372241960366	-12.720657639721408
4.848134860736642	-12.723312130205466
4.851644340162485	-12.725782207071306
4.8554502003021485	-12.728454536625874
4.859002921091379	-12.730943166155201
4.862485675884929	-12.733377209938894
4.866264811392298	-12.736012151679498
4.8697908075492355	-12.738464747661736
4.873613184419994	-12.741117128454894
4.877182421940319	-12.74358787688043
4.880681693464962	-12.746004595259802
4.884477345703426	-12.748619745750256
4.888019858591458	-12.751054617517616
4.89185875219331	-12.753686809968766
4.895627679799481	-12.756264570453366
4.899143468055219	-12.758663433791018
4.902955637024777	-12.76125824336851
4.906514666643903	-12.763674861220041
4.910003730267348	-12.766038458013131
4.913789174604612	-12.768596665305427
4.917321479591444	-12.770978018977326
4.921150165292097	-12.773552885631712
4.924908884997069	-12.776074335157979
4.928414465351607	-12.778420296671097
4.932216426419966	-12.780958414172565
4.935765248137893	-12.783321740931596
4.93961045056964	-12.785876128378414
4.943385687005706	-12.78837765700269
4.946907784091339	-12.790705758941337
4.950726261890792	-12.793223567641563
4.954291600339813	-12.795568646224556
4.957786972793152	-12.797862259192673
4.961578725960312	-12.80034426335879
4.965117339777039	-12.802654858080178
4.968952334307587	-12.80515276308431
4.972717362842453	-12.807598813981343
4.976229252026887	-12.809874802850908
4.980037521925142	-12.81233676609693
4.9835926524729635	-12.814629355388643
4.987077817025104	-12.816871466793033
4.990859362291064	-12.819298254764268
4.994387768206592	-12.821556972957074
4.99821255483594	-12.823999301366072
5.001784202114856	-12.826274247184346
5.00528588339809	-12.828499254080665
5.009083945395145	-12.830906576656236
5.012628868041767	-12.833147818907364
5.01647017140221	-12.835570313219783
5.020241508766971	-12.837942487875896
5.0237597067813	-12.840149910459001
5.027574285509449	-12.842537271118616
5.031135724887166	-12.844760558078764
5.0346271982692015	-12.846934882207398
5.038415052365057	-12.849287868120516
5.04194976711048	-12.851478065520773
5.045780862569723	-12.853845876055743
5.0495419920332845	-12.856164349112321
5.053049982146414	-12.858321344392266
5.056854352973364	-12.86065465753215
5.060405584449881	-12.862827162322374
5.063886849930716	-12.864951668568112
5.0676644961253725	-12.867251234786053
5.0711890029695965	-12.869391260528483
5.075009890527641	-12.871705312693331
5.078577638735252	-12.873860492556828
5.082075420947183	-12.875968199966968
5.085869583872933	-12.878248679823132
5.089410607448251	-12.880371552655475
5.093248011737389	-12.88266616763856
5.097015450030845	-12.88491294353886
5.1005297489738695	-12.887003402479108
5.104340428630715	-12.88926433148037
5.107897968937126	-12.891369602473391
5.111385543247857	-12.893428352370995
5.115169498272408	-12.895656337163947
5.118700313946527	-12.897729911413247
5.122527510334466	-12.89997170569679
5.126284740726724	-12.90216661841591
5.129788831768549	-12.904208392408666
5.133589303524194	-12.906417133601355
5.137136635929407	-12.908473385695524
5.14098034904844	-12.910695593794774
5.144754096171791	-12.912871447089385
5.14827470394471	-12.91489607965081
5.15209169243145	-12.917085420211118
5.155655541567757	-12.919124187987524
5.1591494247083824	-12.921117896945123
5.162939688562829	-12.92327510232007
5.166476813066843	-12.925282960991657
5.170310318284677	-12.9274533206145
5.174073857506829	-12.929578269224924
5.177584257378549	-12.931555120797883
5.181391037964089	-12.933693244917478
5.184944679199197	-12.935683910391196
5.188428354438623	-12.937630441724638
5.19220841039187	-12.939737053262126
5.195735326994684	-12.941697413826535
5.199558624311319	-12.943816874916061
5.203128782277521	-12.945790721632155
5.2066289742480425	-12.947720938570669
5.210425546932384	-12.949809068523729
5.2139689802662925	-12.951752788173964
5.2178087943140214	-12.953853445165732
5.221578642366069	-12.955910128525815
5.225095351067684	-12.957823628478527
5.228908440483119	-12.959892862260782
5.232468390548122	-12.961819539470719
5.235958374617443	-12.963703496811045
5.239744739400585	-12.965742019983796
5.243277964833294	-12.967639171877794
5.247107570979824	-12.969689929944218
5.2508672111306725	-12.971697630507506
5.2543737119310885	-12.973565167484715
5.258176593445325	-12.97558512704513
5.261726335609128	-12.97746554003617
5.265572458486752	-12.979497420310773
5.269348615368695	-12.981486747046821
5.2728716329002046	-12.983337730510092
5.276691031145535	-12.985339003329676
5.280257290040432	-12.987202547728272
5.2837535829396485	-12.98902476838656
5.287546256552686	-12.990996135410594
5.2910857908152895	-12.992830936146406
5.294921705791714	-12.994813944148273
5.298687654772458	-12.996755299270085
5.302200464402769	-12.998561271879236
5.3060096547469	-13.000514293963274
5.3095657057405985	-13.002332538403289
5.313051790738616	-13.004110339796368
5.316834256450453	-13.00603406740069
5.320363582811858	-13.007824160342667
5.324189289887083	-13.009759256585808
5.327945030966626	-13.01165358683513
5.331447632695737	-13.013415446629866
5.3352466151386695	-13.015321172046407
5.338792458231168	-13.017095021868936
5.342634682037488	-13.019011819083975
5.346406939848126	-13.020888338152746
5.349926058308332	-13.0226341409803
5.353741557482358	-13.024521759562537
5.357303917305952	-13.02627925436186
5.360796311133864	-13.027997656029573
5.364585085675596	-13.029856775723655
5.368120720866896	-13.031586890699955
5.371952736772016	-13.033456821785984
5.3757147866814545	-13.0352873453141
5.379223697240461	-13.036990003673402
5.383028988513288	-13.038831366751362
5.386581140435681	-13.040545446988098
5.3900633263623945	-13.042221284421005
5.393841893002928	-13.044034748659092
5.397367320293029	-13.045722029729173
5.4011891282969495	-13.047546051950842
5.404757796950438	-13.049244470884165
5.408256499608245	-13.050905110622974
5.412051582979872	-13.052701419470123
5.415593527001067	-13.054373219890556
5.419431851736082	-13.056179808617559
5.423200210475415	-13.057948312209648
5.426715429864316	-13.059593421992087
5.430527029967038	-13.06137223510007
5.434085490719328	-13.063028224049443
5.437573985475936	-13.064647267266594
5.441358860946364	-13.066398961657216
5.44489059706636	-13.06802890719507
5.448718713900176	-13.069790639430785
5.45247686473831	-13.071515126099012
5.455981876226012	-13.073118958576526
5.459783268427534	-13.07485351300738
5.463331521278624	-13.076467972687873
5.467176154843535	-13.078212294958833
5.470950822412764	-13.079919833438792
5.47447235063156	-13.081508366342666
5.478290259564177	-13.083225703641453
5.481855029146361	-13.08482459207404
5.485349832732864	-13.086387810237447
5.489141017033187	-13.088078806759004
5.492679061983078	-13.08965240487888
5.496513487646789	-13.09135293834861
5.500277947314818	-13.093017510208698
5.503789267632415	-13.094565752773665
5.507596968663832	-13.096239892748637
5.511151530344817	-13.097798249868255
5.51463612603012	-13.099321738360167
5.518417102429244	-13.100970118020165
5.521944939477935	-13.102503745690978
5.525769157240447	-13.1041614377698
5.529340235652526	-13.105704921560887
5.532841348068924	-13.107213973676917
5.536638841199142	-13.108846090246468
5.540183194978928	-13.110365024054484
5.544023929472534	-13.112006200746528
5.547794697970458	-13.113612662833177
5.55131232711795	-13.115106985629263
5.555126336979262	-13.11672254011225
5.5586872074901414	-13.118226488699047
5.5621781120053395	-13.119696789572568
5.565965397234359	-13.121287341943333
5.569499543112944	-13.122767294295862
5.573330069705351	-13.124366692800129
5.577090630302076	-13.125932166604239
5.580598051548369	-13.127388063835259
5.584401853508482	-13.128962416091142
5.587952516118163	-13.130427714917369
5.591433212732162	-13.131860135433762
5.595210290059981	-13.133410050382851
5.598734228037368	-13.134851898251883
5.602554546728575	-13.136410451295365
5.606121726069349	-13.137861457544284
5.6096189394144425	-13.139280004787524
5.6134125334733564	-13.140814303040859
5.616952988181838	-13.142242035296977
5.62078982360414	-13.14378473460886
5.62455669303076	-13.14529470620734
5.628070423106948	-13.14669910949949
5.631880533896956	-13.148217515365124
5.635437505336531	-13.149630862956567
5.638924510780425	-13.151012503002873
5.6427078969381395	-13.152507210967801
5.646238143745421	-13.153897821941758
5.650064771266523	-13.155400732895398
5.653821432791944	-13.156871673395095
5.657324954966932	-13.158239494718341
5.661124857855741	-13.159718671329529
5.664671621394118	-13.16109522861997
5.668514765646314	-13.162582378738941
5.6722879439028295	-13.16403797482562
5.675807982808912	-13.165391923300769
5.679624402428815	-13.16685552687229
5.683187682698286	-13.168217979633557
5.686680996972075	-13.169549872069373
5.690470691959684	-13.170990510977251
5.69400724759686	-13.172330935090168
5.697840183947858	-13.17377935913098
5.701603154303174	-13.175196968114154
5.705112985308057	-13.176515314195871
5.708919197026761	-13.177940742127019
5.7124722693950325	-13.179267393811125
5.7159553757676225	-13.18056420385038
5.7197348628540325	-13.18196720628319
5.72326121059001	-13.183272349201692
5.727083939039808	-13.184682953705897
5.7306535281391735	-13.185996182340006
5.734153151242857	-13.187279960891523
5.737949155060361	-13.188668318158568
5.741492019527433	-13.18996021046887
5.745331264708326	-13.191355956117153
5.749100543893537	-13.1927220049817
5.752616683728315	-13.193992515047787
5.756429204276913	-13.195365986682067
5.75998858547508	-13.196644393062487
5.763478000677565	-13.197894049852259
5.76726379659387	-13.199245804338496
5.770796453159742	-13.200503385307812
5.774625490439435	-13.201862354193134
5.778384561723446	-13.2031923323355
5.781890493657025	-13.20442904360602
5.785692806304424	-13.205766270264794
5.789241979601391	-13.207010693602685
5.793087533612178	-13.20835492810801
5.796863121627284	-13.209670560077248
5.800385570291957	-13.210894289071403
5.804204399670451	-13.212216963739055
5.807770089698512	-13.21344819582378
5.811265813730892	-13.21465174626033
5.815057918477092	-13.215953404042807
5.81859688387286	-13.217164485925448
5.822432229982447	-13.218472986367141
5.8261976100963535	-13.21975357188456
5.829709850859827	-13.220944462482992
5.833518472337121	-13.222231925175805
5.837073954463983	-13.22343014342275
5.840559470595163	-13.224601347794572
5.844341367440164	-13.225868304473662
5.847870124934732	-13.22704686458117
5.851695263143121	-13.228320503430949
5.855450435355828	-13.229566900491088
5.858952468218103	-13.230725762831586
5.862750881794198	-13.231978876211759
5.86629615601986	-13.233144895547097
5.870137810959343	-13.234404497888287
5.873909499903144	-13.235637228516834
5.877428049496513	-13.236783720631374
5.8812429798037025	-13.238022975033303
5.884804770760459	-13.239176428422851
5.888296595721534	-13.240303885205316
5.89208480139643	-13.241523309502869
5.895619867720893	-13.242657755988274
5.899451314759177	-13.243883516981994
5.903212795801779	-13.24508306108762
5.906721137493949	-13.246198463976878
5.910525859899939	-13.24740437916743
5.914077442955496	-13.248526580943008
5.917559060015372	-13.249623421534704
5.921337057789068	-13.250809997680664
5.924861916212332	-13.25191366524025
5.928683155349416	-13.253106430146943
5.932251255136068	-13.254216711178591
5.935749388927038	-13.255301977081967
5.9395439034318285	-13.256475570124245
5.943085278586187	-13.257567478181642
5.9469230344543655	-13.258747080558287
5.950690824326863	-13.259901454975477
5.954205474848927	-13.26097495613213
5.958016506084812	-13.262135374420126
5.9615743979702644	-13.263215334569226
5.965062323860035	-13.264270897102692
5.968846630463626	-13.265412624315784
5.972377797716785	-13.266474674130642
5.9762053456837645	-13.267622270384676
5.9799629276550625	-13.268745261249933
5.983467370275927	-13.269789367998172
5.987268193610613	-13.270918261942928
5.990815877594867	-13.271968677442858
5.99465994229294	-13.27310326735319
5.998434040995332	-13.274213594107021
6.001955000347292	-13.275246229388003
6.005772340413071	-13.276362286704199
6.009336541128419	-13.277401055047557
6.012830775848085	-13.278416365333943
6.0166213912815705	-13.279514369292693
6.020158867364624	-13.28053584105963
6.023992724161499	-13.281639408054835
6.0277566149626916	-13.282719316457362
6.031267366413452	-13.283723461452723
6.035074498578033	-13.28480896694538
6.038628491392181	-13.285819102211418
6.042112518210648	-13.286806365344237
6.045892925742935	-13.287874277777972
6.04942019392479	-13.288867559146889
6.053243842820464	-13.289940905468004
6.0568143523657065	-13.29094001083333
6.060314895915267	-13.29191656308973
6.064111820178648	-13.292972475497896
6.067655605091597	-13.293954880225904
6.071495770718366	-13.29501606602475
6.075265970349454	-13.296054505218583
6.07878303063011	-13.297020181495219
6.082596471624585	-13.298063928073129
6.086156773268629	-13.299035292662802
6.08964710891699	-13.299984672602484
6.093433825279172	-13.301011434898344
6.096967402290922	-13.30196653113683
6.100797360016491	-13.302998444490717
6.104557351746379	-13.30400818443421
6.108064204125835	-13.304946985471048
6.111867437219112	-13.30596190986824
6.115417530961955	-13.306906267261954
6.11926400541862	-13.307926188078826
6.1230405138796025	-13.308924250533272
6.126563882990153	-13.30985246693743
6.130383632814524	-13.310855559671305
6.133950243288462	-13.311789175138125
6.1374468877667185	-13.31270166990469
6.141239912958795	-13.313688376025318
6.14477979880044	-13.314606297794711
6.148616065355904	-13.315597884553156
6.152382365915687	-13.31656816865587
6.155895527125038	-13.317470372051163
6.15970506904821	-13.31844557001933
6.163261471620948	-13.319353047191779
6.166747908198005	-13.3202399416263
6.170530725488883	-13.321199181871737
6.174060403429328	-13.32209137749132
6.177886462083594	-13.32305538587063
6.181642554742178	-13.323998634077315
6.185145508050329	-13.324875524304495
6.188944842072301	-13.325823573231684
6.19249103674384	-13.326705615379485
6.1963336121292	-13.327658288334849
6.200106221518878	-13.32859049925589
6.203625691558123	-13.329457383983343
6.20744154231119	-13.330394251930436
6.211004253713823	-13.331266141831287
6.21106056373015	-13.33127990050821
6.211116873746477	-13.331293658504993
6.211229493779129	-13.331321172458255
6.211454733844436	-13.331376192204361
6.211905213975049	-13.331486199061398
6.212806174236274	-13.331706082286637
6.2128624842526	-13.331719819213413
6.212918794268927	-13.331733555460975
6.213031414301581	-13.33176102591857
6.213256654366886	-13.331815958684457
6.213707134497499	-13.33192579162549
6.213763444513825	-13.331939517688301
6.213819754530152	-13.33195324307236
6.2139323745628054	-13.331980691804338
6.214157614628112	-13.33203558112454
6.214213924644438	-13.332049301758143
6.2142702346607654	-13.332063021713227
6.214382854693419	-13.332090459587947
6.214439164709745	-13.33210417750764
6.214495474726071	-13.33211789474893
6.2145517847423974	-13.332131611311842
6.2146080947587246	-13.332145327196407
